  1.562500000000000E-005  4.614093959731550E-006  4.614093959731550E-006
  4.614093959731550E-006  4.614093959731532E-006  4.614093959731532E-006
  4.614093959731532E-006  4.614093959731567E-006  4.614093959731567E-006
  4.614093959731495E-006  4.614093959731567E-006  4.614093959731567E-006
  4.614093959731495E-006  4.614093959731423E-006  4.614093959731495E-006
  4.614093959731550E-006  1.362551236430794E-006  1.362551236430797E-006
  1.362551236430792E-006  1.362551236430792E-006  1.362551236430792E-006
  1.362551236430792E-006  1.362551236430792E-006  1.362551236430792E-006
  1.362551236430792E-006  1.362551236430774E-006  1.362551236430792E-006
  1.362551236430792E-006  1.362551236430792E-006  1.362551236430792E-006
  4.614093959731561E-006  1.362551236430797E-006  1.362551236430797E-006
  1.362551236430801E-006  1.362551236430792E-006  1.362551236430801E-006
  1.362551236430792E-006  1.362551236430792E-006  1.362551236430792E-006
  1.362551236430792E-006  1.362551236430792E-006  1.362551236430792E-006
  1.362551236430792E-006  1.362551236430792E-006  1.362551236430792E-006
  4.614093959731561E-006  1.362551236430797E-006  1.362551236430797E-006
  1.362551236430801E-006  1.362551236430792E-006  1.362551236430801E-006
  1.362551236430792E-006  1.362551236430792E-006  1.362551236430792E-006
  1.362551236430792E-006  1.362551236430792E-006  1.362551236430792E-006
  1.362551236430792E-006  1.362551236430792E-006  1.362551236430792E-006
  4.614093959731495E-006  1.362551236430778E-006  1.362551236430778E-006
  1.362551236430774E-006  1.362551236430774E-006  1.362551236430774E-006
  1.362551236430774E-006  1.362551236430774E-006  1.362551236430774E-006
  1.362551236430774E-006  1.362551236430774E-006  1.362551236430774E-006
  1.362551236430756E-006  1.362551236430756E-006  1.362551236430792E-006
  4.614093959731539E-006  1.362551236430790E-006  1.362551236430792E-006
  1.362551236430792E-006  1.362551236430792E-006  1.362551236430792E-006
  1.362551236430774E-006  1.362551236430774E-006  1.362551236430774E-006
  1.362551236430792E-006  1.362551236430792E-006  1.362551236430792E-006
  1.362551236430792E-006  1.362551236430756E-006  1.362551236430756E-006
  4.614093959731539E-006  1.362551236430790E-006  1.362551236430792E-006
  1.362551236430792E-006  1.362551236430792E-006  1.362551236430792E-006
  1.362551236430774E-006  1.362551236430774E-006  1.362551236430774E-006
  1.362551236430792E-006  1.362551236430792E-006  1.362551236430792E-006
  1.362551236430792E-006  1.362551236430756E-006  1.362551236430756E-006
  4.614093959731539E-006  1.362551236430790E-006  1.362551236430792E-006
  1.362551236430792E-006  1.362551236430792E-006  1.362551236430792E-006
  1.362551236430774E-006  1.362551236430774E-006  1.362551236430774E-006
  1.362551236430792E-006  1.362551236430792E-006  1.362551236430792E-006
  1.362551236430792E-006  1.362551236430756E-006  1.362551236430756E-006
  4.614093959731554E-006  1.362551236430835E-006  1.362551236430868E-006
  1.362551236430900E-006  1.362551236430925E-006  1.362551236430961E-006
  1.362551236430982E-006  1.362551236431022E-006  1.362551236431049E-006
  1.362551236431090E-006  1.362551236431131E-006  1.362551236431158E-006
  1.362551236431198E-006  1.362551236431198E-006  1.362551236431226E-006
  4.614093959731495E-006  1.362551236430778E-006  1.362551236430778E-006
  1.362551236430774E-006  1.362551236430774E-006  1.362551236430774E-006
  1.362551236430774E-006  1.362551236430774E-006  1.362551236430774E-006
  1.362551236430774E-006  1.362551236430774E-006  1.362551236430774E-006
  1.362551236430756E-006  1.362551236430756E-006  1.362551236430792E-006
  4.614093959731583E-006  1.362551236430803E-006  1.362551236430801E-006
  1.362551236430810E-006  1.362551236430792E-006  1.362551236430792E-006
  1.362551236430792E-006  1.362551236430792E-006  1.362551236430792E-006
  1.362551236430792E-006  1.362551236430792E-006  1.362551236430792E-006
  1.362551236430792E-006  1.362551236430756E-006  1.362551236430792E-006
  4.614093959731495E-006  1.362551236430778E-006  1.362551236430778E-006
  1.362551236430774E-006  1.362551236430774E-006  1.362551236430774E-006
  1.362551236430774E-006  1.362551236430774E-006  1.362551236430774E-006
  1.362551236430774E-006  1.362551236430774E-006  1.362551236430774E-006
  1.362551236430756E-006  1.362551236430756E-006  1.362551236430792E-006
  4.614093959731583E-006  1.362551236430803E-006  1.362551236430801E-006
  1.362551236430810E-006  1.362551236430792E-006  1.362551236430792E-006
  1.362551236430792E-006  1.362551236430792E-006  1.362551236430792E-006
  1.362551236430792E-006  1.362551236430792E-006  1.362551236430792E-006
  1.362551236430792E-006  1.362551236430756E-006  1.362551236430792E-006
  4.614093959731409E-006  1.362551236430754E-006  1.362551236430751E-006
  1.362551236430747E-006  1.362551236430747E-006  1.362551236430747E-006
  1.362551236430756E-006  1.362551236430738E-006  1.362551236430756E-006
  1.362551236430756E-006  1.362551236430738E-006  1.362551236430756E-006
  1.362551236430756E-006  1.362551236430720E-006  1.362551236430756E-006
  4.614093959731495E-006  1.362551236430778E-006  1.362551236430778E-006
  1.362551236430774E-006  1.362551236430774E-006  1.362551236430774E-006
  1.362551236430774E-006  1.362551236430774E-006  1.362551236430774E-006
  1.362551236430774E-006  1.362551236430774E-006  1.362551236430774E-006
  1.362551236430756E-006  1.362551236430756E-006  1.362551236430792E-006
  4.614093959731550E-006  1.362551236430794E-006  1.362551236430797E-006
  1.362551236430792E-006  1.362551236430792E-006  1.362551236430792E-006
  1.362551236430792E-006  1.362551236430792E-006  1.362551236430792E-006
  1.362551236430792E-006  1.362551236430774E-006  1.362551236430792E-006
  1.362551236430792E-006  1.362551236430792E-006  1.362551236430792E-006
  1.362551236430785E-006  4.023641235097621E-007  4.023641235097618E-007
  4.023641235097621E-007  4.023641235097598E-007  4.023641235097598E-007
  4.023641235097598E-007  4.023641235097598E-007  4.023641235097598E-007
  4.023641235097598E-007  4.023641235097598E-007  4.023641235097598E-007
  4.023641235097598E-007  4.023641235097508E-007  4.023641235097598E-007
  1.362551236430720E-006  4.023641235096107E-007  4.023641235095037E-007
  4.023641235093973E-007  4.023641235092889E-007  4.023641235091838E-007
  4.023641235090754E-007  4.023641235089693E-007  4.023641235088631E-007
  4.023641235087547E-007  4.023641235086485E-007  4.023641235085446E-007
  4.023641235084362E-007  4.023641235083188E-007  4.023641235082148E-007
  1.362551236430785E-006  4.023641235097621E-007  4.023641235097618E-007
  4.023641235097621E-007  4.023641235097598E-007  4.023641235097598E-007
  4.023641235097598E-007  4.023641235097598E-007  4.023641235097598E-007
  4.023641235097598E-007  4.023641235097598E-007  4.023641235097598E-007
  4.023641235097598E-007  4.023641235097508E-007  4.023641235097598E-007
  1.362551236430698E-006  4.023641235097372E-007  4.023641235097369E-007
  4.023641235097350E-007  4.023641235097350E-007  4.023641235097372E-007
  4.023641235097372E-007  4.023641235097372E-007  4.023641235097372E-007
  4.023641235097372E-007  4.023641235097327E-007  4.023641235097327E-007
  4.023641235097327E-007  4.023641235097237E-007  4.023641235097327E-007
  1.362551236430871E-006  4.023641235097880E-007  4.023641235097878E-007
  4.023641235097892E-007  4.023641235097869E-007  4.023641235097869E-007
  4.023641235097824E-007  4.023641235097869E-007  4.023641235097869E-007
  4.023641235097869E-007  4.023641235097869E-007  4.023641235097869E-007
  4.023641235097779E-007  4.023641235097869E-007  4.023641235097869E-007
  1.362551236430698E-006  4.023641235097372E-007  4.023641235097369E-007
  4.023641235097350E-007  4.023641235097350E-007  4.023641235097372E-007
  4.023641235097372E-007  4.023641235097372E-007  4.023641235097372E-007
  4.023641235097372E-007  4.023641235097327E-007  4.023641235097327E-007
  4.023641235097327E-007  4.023641235097237E-007  4.023641235097327E-007
  1.362551236430871E-006  4.023641235097880E-007  4.023641235097878E-007
  4.023641235097892E-007  4.023641235097869E-007  4.023641235097869E-007
  4.023641235097824E-007  4.023641235097869E-007  4.023641235097869E-007
  4.023641235097869E-007  4.023641235097869E-007  4.023641235097869E-007
  4.023641235097779E-007  4.023641235097869E-007  4.023641235097869E-007
  1.362551236430871E-006  4.023641235095764E-007  4.023641235094058E-007
  4.023641235092358E-007  4.023641235090630E-007  4.023641235088925E-007
  4.023641235087186E-007  4.023641235085514E-007  4.023641235083797E-007
  4.023641235082103E-007  4.023641235080386E-007  4.023641235078670E-007
  4.023641235076908E-007  4.023641235075237E-007  4.023641235073565E-007
  1.362551236430698E-006  4.023641235097372E-007  4.023641235097369E-007
  4.023641235097350E-007  4.023641235097350E-007  4.023641235097372E-007
  4.023641235097372E-007  4.023641235097372E-007  4.023641235097372E-007
  4.023641235097372E-007  4.023641235097327E-007  4.023641235097327E-007
  4.023641235097327E-007  4.023641235097237E-007  4.023641235097327E-007
  1.362551236430698E-006  4.023641235097372E-007  4.023641235097369E-007
  4.023641235097350E-007  4.023641235097350E-007  4.023641235097372E-007
  4.023641235097372E-007  4.023641235097372E-007  4.023641235097372E-007
  4.023641235097372E-007  4.023641235097327E-007  4.023641235097327E-007
  4.023641235097327E-007  4.023641235097237E-007  4.023641235097327E-007
  1.362551236430698E-006  4.023641235097372E-007  4.023641235097369E-007
  4.023641235097350E-007  4.023641235097350E-007  4.023641235097372E-007
  4.023641235097372E-007  4.023641235097372E-007  4.023641235097372E-007
  4.023641235097372E-007  4.023641235097327E-007  4.023641235097327E-007
  4.023641235097327E-007  4.023641235097237E-007  4.023641235097327E-007
  1.362551236430698E-006  4.023641235097372E-007  4.023641235097369E-007
  4.023641235097350E-007  4.023641235097350E-007  4.023641235097372E-007
  4.023641235097372E-007  4.023641235097372E-007  4.023641235097372E-007
  4.023641235097372E-007  4.023641235097327E-007  4.023641235097327E-007
  4.023641235097327E-007  4.023641235097237E-007  4.023641235097327E-007
  1.362551236430698E-006  4.023641235097372E-007  4.023641235097369E-007
  4.023641235097350E-007  4.023641235097350E-007  4.023641235097372E-007
  4.023641235097372E-007  4.023641235097372E-007  4.023641235097372E-007
  4.023641235097372E-007  4.023641235097327E-007  4.023641235097327E-007
  4.023641235097327E-007  4.023641235097237E-007  4.023641235097327E-007
  1.362551236431045E-006  4.023641235098389E-007  4.023641235098389E-007
  4.023641235098389E-007  4.023641235098366E-007  4.023641235098366E-007
  4.023641235098366E-007  4.023641235098366E-007  4.023641235098366E-007
  4.023641235098411E-007  4.023641235098321E-007  4.023641235098411E-007
  4.023641235098411E-007  4.023641235098321E-007  4.023641235098321E-007
  4.614093959731517E-006  1.362551236430783E-006  1.362551236430787E-006
  1.362551236430783E-006  1.362551236430783E-006  1.362551236430783E-006
  1.362551236430774E-006  1.362551236430774E-006  1.362551236430792E-006
  1.362551236430774E-006  1.362551236430774E-006  1.362551236430774E-006
  1.362551236430792E-006  1.362551236430756E-006  1.362551236430792E-006
  1.362551236430698E-006  4.023641235097372E-007  4.023641235097369E-007
  4.023641235097350E-007  4.023641235097350E-007  4.023641235097372E-007
  4.023641235097372E-007  4.023641235097372E-007  4.023641235097372E-007
  4.023641235097372E-007  4.023641235097327E-007  4.023641235097327E-007
  4.023641235097327E-007  4.023641235097237E-007  4.023641235097327E-007
  1.362551236430785E-006  4.023641235097621E-007  4.023641235097618E-007
  4.023641235097621E-007  4.023641235097598E-007  4.023641235097598E-007
  4.023641235097598E-007  4.023641235097598E-007  4.023641235097598E-007
  4.023641235097598E-007  4.023641235097598E-007  4.023641235097598E-007
  4.023641235097598E-007  4.023641235097508E-007  4.023641235097598E-007
  1.362551236430698E-006  4.023641235097372E-007  4.023641235097369E-007
  4.023641235097350E-007  4.023641235097350E-007  4.023641235097372E-007
  4.023641235097372E-007  4.023641235097372E-007  4.023641235097372E-007
  4.023641235097372E-007  4.023641235097327E-007  4.023641235097327E-007
  4.023641235097327E-007  4.023641235097237E-007  4.023641235097327E-007
  1.362551236430698E-006  4.023641235097372E-007  4.023641235097369E-007
  4.023641235097350E-007  4.023641235097350E-007  4.023641235097372E-007
  4.023641235097372E-007  4.023641235097372E-007  4.023641235097372E-007
  4.023641235097372E-007  4.023641235097327E-007  4.023641235097327E-007
  4.023641235097327E-007  4.023641235097237E-007  4.023641235097327E-007
  1.362551236431045E-006  4.023641235098389E-007  4.023641235098389E-007
  4.023641235098389E-007  4.023641235098366E-007  4.023641235098366E-007
  4.023641235098366E-007  4.023641235098366E-007  4.023641235098366E-007
  4.023641235098411E-007  4.023641235098321E-007  4.023641235098411E-007
  4.023641235098411E-007  4.023641235098321E-007  4.023641235098321E-007
  1.362551236430698E-006  4.023641235097372E-007  4.023641235097369E-007
  4.023641235097350E-007  4.023641235097350E-007  4.023641235097372E-007
  4.023641235097372E-007  4.023641235097372E-007  4.023641235097372E-007
  4.023641235097372E-007  4.023641235097327E-007  4.023641235097327E-007
  4.023641235097327E-007  4.023641235097237E-007  4.023641235097327E-007
  1.362551236430698E-006  4.023641235097372E-007  4.023641235097369E-007
  4.023641235097350E-007  4.023641235097350E-007  4.023641235097372E-007
  4.023641235097372E-007  4.023641235097372E-007  4.023641235097372E-007
  4.023641235097372E-007  4.023641235097327E-007  4.023641235097327E-007
  4.023641235097327E-007  4.023641235097237E-007  4.023641235097327E-007
  1.362551236430698E-006  4.023641235097372E-007  4.023641235097369E-007
  4.023641235097350E-007  4.023641235097350E-007  4.023641235097372E-007
  4.023641235097372E-007  4.023641235097372E-007  4.023641235097372E-007
  4.023641235097372E-007  4.023641235097327E-007  4.023641235097327E-007
  4.023641235097327E-007  4.023641235097237E-007  4.023641235097327E-007
  1.362551236430698E-006  4.023641235097372E-007  4.023641235097369E-007
  4.023641235097350E-007  4.023641235097350E-007  4.023641235097372E-007
  4.023641235097372E-007  4.023641235097372E-007  4.023641235097372E-007
  4.023641235097372E-007  4.023641235097327E-007  4.023641235097327E-007
  4.023641235097327E-007  4.023641235097237E-007  4.023641235097327E-007
  1.362551236431392E-006  4.023641235099412E-007  4.023641235099419E-007
  4.023641235099405E-007  4.023641235099405E-007  4.023641235099405E-007
  4.023641235099405E-007  4.023641235099405E-007  4.023641235099405E-007
  4.023641235099405E-007  4.023641235099405E-007  4.023641235099405E-007
  4.023641235099405E-007  4.023641235099315E-007  4.023641235099405E-007
  1.362551236430698E-006  4.023641235097372E-007  4.023641235097369E-007
  4.023641235097350E-007  4.023641235097350E-007  4.023641235097372E-007
  4.023641235097372E-007  4.023641235097372E-007  4.023641235097372E-007
  4.023641235097372E-007  4.023641235097327E-007  4.023641235097327E-007
  4.023641235097327E-007  4.023641235097237E-007  4.023641235097327E-007
  1.362551236430698E-006  4.023641235097372E-007  4.023641235097369E-007
  4.023641235097350E-007  4.023641235097350E-007  4.023641235097372E-007
  4.023641235097372E-007  4.023641235097372E-007  4.023641235097372E-007
  4.023641235097372E-007  4.023641235097327E-007  4.023641235097327E-007
  4.023641235097327E-007  4.023641235097237E-007  4.023641235097327E-007
  1.362551236430004E-006  4.023641235095317E-007  4.023641235095317E-007
  4.023641235095317E-007  4.023641235095294E-007  4.023641235095294E-007
  4.023641235095339E-007  4.023641235095294E-007  4.023641235095294E-007
  4.023641235095294E-007  4.023641235095249E-007  4.023641235095249E-007
  4.023641235095339E-007  4.023641235095249E-007  4.023641235095249E-007
  1.362551236430698E-006  4.023641235097372E-007  4.023641235097369E-007
  4.023641235097350E-007  4.023641235097350E-007  4.023641235097372E-007
  4.023641235097372E-007  4.023641235097372E-007  4.023641235097372E-007
  4.023641235097372E-007  4.023641235097327E-007  4.023641235097327E-007
  4.023641235097327E-007  4.023641235097237E-007  4.023641235097327E-007
  4.614093959731517E-006  1.362551236430783E-006  1.362551236430787E-006
  1.362551236430783E-006  1.362551236430783E-006  1.362551236430783E-006
  1.362551236430774E-006  1.362551236430774E-006  1.362551236430792E-006
  1.362551236430774E-006  1.362551236430774E-006  1.362551236430774E-006
  1.362551236430792E-006  1.362551236430756E-006  1.362551236430792E-006
  1.362551236430785E-006  4.023641235097621E-007  4.023641235097618E-007
  4.023641235097621E-007  4.023641235097598E-007  4.023641235097598E-007
  4.023641235097598E-007  4.023641235097598E-007  4.023641235097598E-007
  4.023641235097598E-007  4.023641235097598E-007  4.023641235097598E-007
  4.023641235097598E-007  4.023641235097508E-007  4.023641235097598E-007
  1.362551236430871E-006  4.023641235097880E-007  4.023641235097878E-007
  4.023641235097892E-007  4.023641235097869E-007  4.023641235097869E-007
  4.023641235097824E-007  4.023641235097869E-007  4.023641235097869E-007
  4.023641235097869E-007  4.023641235097869E-007  4.023641235097869E-007
  4.023641235097779E-007  4.023641235097869E-007  4.023641235097869E-007
  1.362551236430785E-006  4.023641235094450E-007  4.023641235091881E-007
  4.023641235089337E-007  4.023641235086756E-007  4.023641235084181E-007
  4.023641235081595E-007  4.023641235079065E-007  4.023641235076524E-007
  4.023641235073949E-007  4.023641235071374E-007  4.023641235068799E-007
  4.023641235066201E-007  4.023641235063649E-007  4.023641235061142E-007
  1.362551236430351E-006  4.023641235096338E-007  4.023641235096345E-007
  4.023641235096333E-007  4.023641235096311E-007  4.023641235096333E-007
  4.023641235096333E-007  4.023641235096333E-007  4.023641235096333E-007
  4.023641235096333E-007  4.023641235096333E-007  4.023641235096333E-007
  4.023641235096333E-007  4.023641235096333E-007  4.023641235096333E-007
  1.362551236430698E-006  4.023641235097372E-007  4.023641235097369E-007
  4.023641235097350E-007  4.023641235097350E-007  4.023641235097372E-007
  4.023641235097372E-007  4.023641235097372E-007  4.023641235097372E-007
  4.023641235097372E-007  4.023641235097327E-007  4.023641235097327E-007
  4.023641235097327E-007  4.023641235097237E-007  4.023641235097327E-007
  1.362551236430698E-006  4.023641235097372E-007  4.023641235097369E-007
  4.023641235097350E-007  4.023641235097350E-007  4.023641235097372E-007
  4.023641235097372E-007  4.023641235097372E-007  4.023641235097372E-007
  4.023641235097372E-007  4.023641235097327E-007  4.023641235097327E-007
  4.023641235097327E-007  4.023641235097237E-007  4.023641235097327E-007
  1.362551236430698E-006  4.023641235097372E-007  4.023641235097369E-007
  4.023641235097350E-007  4.023641235097350E-007  4.023641235097372E-007
  4.023641235097372E-007  4.023641235097372E-007  4.023641235097372E-007
  4.023641235097372E-007  4.023641235097327E-007  4.023641235097327E-007
  4.023641235097327E-007  4.023641235097237E-007  4.023641235097327E-007
  1.362551236430698E-006  4.023641235097372E-007  4.023641235097369E-007
  4.023641235097350E-007  4.023641235097350E-007  4.023641235097372E-007
  4.023641235097372E-007  4.023641235097372E-007  4.023641235097372E-007
  4.023641235097372E-007  4.023641235097327E-007  4.023641235097327E-007
  4.023641235097327E-007  4.023641235097237E-007  4.023641235097327E-007
  1.362551236431392E-006  4.023641235099412E-007  4.023641235099419E-007
  4.023641235099405E-007  4.023641235099405E-007  4.023641235099405E-007
  4.023641235099405E-007  4.023641235099405E-007  4.023641235099405E-007
  4.023641235099405E-007  4.023641235099405E-007  4.023641235099405E-007
  4.023641235099405E-007  4.023641235099315E-007  4.023641235099405E-007
  1.362551236430004E-006  4.023641235095317E-007  4.023641235095317E-007
  4.023641235095317E-007  4.023641235095294E-007  4.023641235095294E-007
  4.023641235095339E-007  4.023641235095294E-007  4.023641235095294E-007
  4.023641235095294E-007  4.023641235095249E-007  4.023641235095249E-007
  4.023641235095339E-007  4.023641235095249E-007  4.023641235095249E-007
  1.362551236430698E-006  4.023641235097372E-007  4.023641235097369E-007
  4.023641235097350E-007  4.023641235097350E-007  4.023641235097372E-007
  4.023641235097372E-007  4.023641235097372E-007  4.023641235097372E-007
  4.023641235097372E-007  4.023641235097327E-007  4.023641235097327E-007
  4.023641235097327E-007  4.023641235097237E-007  4.023641235097327E-007
  1.362551236430004E-006  4.023641235095317E-007  4.023641235095317E-007
  4.023641235095317E-007  4.023641235095294E-007  4.023641235095294E-007
  4.023641235095339E-007  4.023641235095294E-007  4.023641235095294E-007
  4.023641235095294E-007  4.023641235095249E-007  4.023641235095249E-007
  4.023641235095339E-007  4.023641235095249E-007  4.023641235095249E-007
  1.362551236431392E-006  4.023641235099412E-007  4.023641235099419E-007
  4.023641235099405E-007  4.023641235099405E-007  4.023641235099405E-007
  4.023641235099405E-007  4.023641235099405E-007  4.023641235099405E-007
  4.023641235099405E-007  4.023641235099405E-007  4.023641235099405E-007
  4.023641235099405E-007  4.023641235099315E-007  4.023641235099405E-007
  1.362551236430698E-006  4.023641235097372E-007  4.023641235097369E-007
  4.023641235097350E-007  4.023641235097350E-007  4.023641235097372E-007
  4.023641235097372E-007  4.023641235097372E-007  4.023641235097372E-007
  4.023641235097372E-007  4.023641235097327E-007  4.023641235097327E-007
  4.023641235097327E-007  4.023641235097237E-007  4.023641235097327E-007
  4.614093959731539E-006  1.362551236430790E-006  1.362551236430792E-006
  1.362551236430792E-006  1.362551236430792E-006  1.362551236430792E-006
  1.362551236430774E-006  1.362551236430774E-006  1.362551236430774E-006
  1.362551236430792E-006  1.362551236430792E-006  1.362551236430792E-006
  1.362551236430792E-006  1.362551236430756E-006  1.362551236430756E-006
  1.362551236430785E-006  4.023641235096034E-007  4.023641235094750E-007
  4.023641235093476E-007  4.023641235092177E-007  4.023641235090890E-007
  4.023641235089602E-007  4.023641235088337E-007  4.023641235087050E-007
  4.023641235085762E-007  4.023641235084497E-007  4.023641235083188E-007
  4.023641235081922E-007  4.023641235080567E-007  4.023641235079393E-007
  1.362551236430871E-006  4.023641235097880E-007  4.023641235097878E-007
  4.023641235097892E-007  4.023641235097869E-007  4.023641235097869E-007
  4.023641235097824E-007  4.023641235097869E-007  4.023641235097869E-007
  4.023641235097869E-007  4.023641235097869E-007  4.023641235097869E-007
  4.023641235097779E-007  4.023641235097869E-007  4.023641235097869E-007
  1.362551236431045E-006  4.023641235098389E-007  4.023641235098389E-007
  4.023641235098389E-007  4.023641235098366E-007  4.023641235098366E-007
  4.023641235098366E-007  4.023641235098366E-007  4.023641235098366E-007
  4.023641235098411E-007  4.023641235098321E-007  4.023641235098411E-007
  4.023641235098411E-007  4.023641235098321E-007  4.023641235098321E-007
  1.362551236431045E-006  4.023641235098389E-007  4.023641235098389E-007
  4.023641235098389E-007  4.023641235098366E-007  4.023641235098366E-007
  4.023641235098366E-007  4.023641235098366E-007  4.023641235098366E-007
  4.023641235098411E-007  4.023641235098321E-007  4.023641235098411E-007
  4.023641235098411E-007  4.023641235098321E-007  4.023641235098321E-007
  1.362551236430698E-006  4.023641235097372E-007  4.023641235097369E-007
  4.023641235097350E-007  4.023641235097350E-007  4.023641235097372E-007
  4.023641235097372E-007  4.023641235097372E-007  4.023641235097372E-007
  4.023641235097372E-007  4.023641235097327E-007  4.023641235097327E-007
  4.023641235097327E-007  4.023641235097237E-007  4.023641235097327E-007
  1.362551236431392E-006  4.023641235099412E-007  4.023641235099419E-007
  4.023641235099405E-007  4.023641235099405E-007  4.023641235099405E-007
  4.023641235099405E-007  4.023641235099405E-007  4.023641235099405E-007
  4.023641235099405E-007  4.023641235099405E-007  4.023641235099405E-007
  4.023641235099405E-007  4.023641235099315E-007  4.023641235099405E-007
  1.362551236430698E-006  4.023641235097372E-007  4.023641235097369E-007
  4.023641235097350E-007  4.023641235097350E-007  4.023641235097372E-007
  4.023641235097372E-007  4.023641235097372E-007  4.023641235097372E-007
  4.023641235097372E-007  4.023641235097327E-007  4.023641235097327E-007
  4.023641235097327E-007  4.023641235097237E-007  4.023641235097327E-007
  1.362551236430698E-006  4.023641235097372E-007  4.023641235097369E-007
  4.023641235097350E-007  4.023641235097350E-007  4.023641235097372E-007
  4.023641235097372E-007  4.023641235097372E-007  4.023641235097372E-007
  4.023641235097372E-007  4.023641235097327E-007  4.023641235097327E-007
  4.023641235097327E-007  4.023641235097237E-007  4.023641235097327E-007
  1.362551236430698E-006  4.023641235097372E-007  4.023641235097369E-007
  4.023641235097350E-007  4.023641235097350E-007  4.023641235097372E-007
  4.023641235097372E-007  4.023641235097372E-007  4.023641235097372E-007
  4.023641235097372E-007  4.023641235097327E-007  4.023641235097327E-007
  4.023641235097327E-007  4.023641235097237E-007  4.023641235097327E-007
  1.362551236430698E-006  4.023641235097372E-007  4.023641235097369E-007
  4.023641235097350E-007  4.023641235097350E-007  4.023641235097372E-007
  4.023641235097372E-007  4.023641235097372E-007  4.023641235097372E-007
  4.023641235097372E-007  4.023641235097327E-007  4.023641235097327E-007
  4.023641235097327E-007  4.023641235097237E-007  4.023641235097327E-007
  1.362551236430698E-006  4.023641235097372E-007  4.023641235097369E-007
  4.023641235097350E-007  4.023641235097350E-007  4.023641235097372E-007
  4.023641235097372E-007  4.023641235097372E-007  4.023641235097372E-007
  4.023641235097372E-007  4.023641235097327E-007  4.023641235097327E-007
  4.023641235097327E-007  4.023641235097237E-007  4.023641235097327E-007
  1.362551236429310E-006  4.023641235093268E-007  4.023641235093272E-007
  4.023641235093261E-007  4.023641235093239E-007  4.023641235093261E-007
  4.023641235093216E-007  4.023641235093261E-007  4.023641235093261E-007
  4.023641235093261E-007  4.023641235093171E-007  4.023641235093261E-007
  4.023641235093261E-007  4.023641235093171E-007  4.023641235093171E-007
  1.362551236430698E-006  4.023641235097372E-007  4.023641235097369E-007
  4.023641235097350E-007  4.023641235097350E-007  4.023641235097372E-007
  4.023641235097372E-007  4.023641235097372E-007  4.023641235097372E-007
  4.023641235097372E-007  4.023641235097327E-007  4.023641235097327E-007
  4.023641235097327E-007  4.023641235097237E-007  4.023641235097327E-007
  1.362551236430698E-006  4.023641235097372E-007  4.023641235097369E-007
  4.023641235097350E-007  4.023641235097350E-007  4.023641235097372E-007
  4.023641235097372E-007  4.023641235097372E-007  4.023641235097372E-007
  4.023641235097372E-007  4.023641235097327E-007  4.023641235097327E-007
  4.023641235097327E-007  4.023641235097237E-007  4.023641235097327E-007
  4.614093959731583E-006  1.362551236430803E-006  1.362551236430801E-006
  1.362551236430810E-006  1.362551236430792E-006  1.362551236430792E-006
  1.362551236430792E-006  1.362551236430792E-006  1.362551236430792E-006
  1.362551236430792E-006  1.362551236430792E-006  1.362551236430792E-006
  1.362551236430792E-006  1.362551236430756E-006  1.362551236430792E-006
  1.362551236430871E-006  4.023641235097880E-007  4.023641235097878E-007
  4.023641235097892E-007  4.023641235097869E-007  4.023641235097869E-007
  4.023641235097824E-007  4.023641235097869E-007  4.023641235097869E-007
  4.023641235097869E-007  4.023641235097869E-007  4.023641235097869E-007
  4.023641235097779E-007  4.023641235097869E-007  4.023641235097869E-007
  1.362551236430698E-006  4.023641235097372E-007  4.023641235097369E-007
  4.023641235097350E-007  4.023641235097350E-007  4.023641235097372E-007
  4.023641235097372E-007  4.023641235097372E-007  4.023641235097372E-007
  4.023641235097372E-007  4.023641235097327E-007  4.023641235097327E-007
  4.023641235097327E-007  4.023641235097237E-007  4.023641235097327E-007
  1.362551236430698E-006  4.023641235097372E-007  4.023641235097369E-007
  4.023641235097350E-007  4.023641235097350E-007  4.023641235097372E-007
  4.023641235097372E-007  4.023641235097372E-007  4.023641235097372E-007
  4.023641235097372E-007  4.023641235097327E-007  4.023641235097327E-007
  4.023641235097327E-007  4.023641235097237E-007  4.023641235097327E-007
  1.362551236431045E-006  4.023641235096274E-007  4.023641235094566E-007
  4.023641235092866E-007  4.023641235091127E-007  4.023641235089422E-007
  4.023641235087705E-007  4.023641235086011E-007  4.023641235084317E-007
  4.023641235082623E-007  4.023641235080838E-007  4.023641235079212E-007
  4.023641235077495E-007  4.023641235075734E-007  4.023641235074017E-007
  1.362551236431392E-006  4.023641235099412E-007  4.023641235099419E-007
  4.023641235099405E-007  4.023641235099405E-007  4.023641235099405E-007
  4.023641235099405E-007  4.023641235099405E-007  4.023641235099405E-007
  4.023641235099405E-007  4.023641235099405E-007  4.023641235099405E-007
  4.023641235099405E-007  4.023641235099315E-007  4.023641235099405E-007
  1.362551236430698E-006  4.023641235097372E-007  4.023641235097369E-007
  4.023641235097350E-007  4.023641235097350E-007  4.023641235097372E-007
  4.023641235097372E-007  4.023641235097372E-007  4.023641235097372E-007
  4.023641235097372E-007  4.023641235097327E-007  4.023641235097327E-007
  4.023641235097327E-007  4.023641235097237E-007  4.023641235097327E-007
  1.362551236431392E-006  4.023641235099412E-007  4.023641235099419E-007
  4.023641235099405E-007  4.023641235099405E-007  4.023641235099405E-007
  4.023641235099405E-007  4.023641235099405E-007  4.023641235099405E-007
  4.023641235099405E-007  4.023641235099405E-007  4.023641235099405E-007
  4.023641235099405E-007  4.023641235099315E-007  4.023641235099405E-007
  1.362551236430698E-006  4.023641235097372E-007  4.023641235097369E-007
  4.023641235097350E-007  4.023641235097350E-007  4.023641235097372E-007
  4.023641235097372E-007  4.023641235097372E-007  4.023641235097372E-007
  4.023641235097372E-007  4.023641235097327E-007  4.023641235097327E-007
  4.023641235097327E-007  4.023641235097237E-007  4.023641235097327E-007
  1.362551236430698E-006  4.023641235097372E-007  4.023641235097369E-007
  4.023641235097350E-007  4.023641235097350E-007  4.023641235097372E-007
  4.023641235097372E-007  4.023641235097372E-007  4.023641235097372E-007
  4.023641235097372E-007  4.023641235097327E-007  4.023641235097327E-007
  4.023641235097327E-007  4.023641235097237E-007  4.023641235097327E-007
  1.362551236429310E-006  4.023641235093268E-007  4.023641235093272E-007
  4.023641235093261E-007  4.023641235093239E-007  4.023641235093261E-007
  4.023641235093216E-007  4.023641235093261E-007  4.023641235093261E-007
  4.023641235093261E-007  4.023641235093171E-007  4.023641235093261E-007
  4.023641235093261E-007  4.023641235093171E-007  4.023641235093171E-007
  1.362551236430698E-006  4.023641235097372E-007  4.023641235097369E-007
  4.023641235097350E-007  4.023641235097350E-007  4.023641235097372E-007
  4.023641235097372E-007  4.023641235097372E-007  4.023641235097372E-007
  4.023641235097372E-007  4.023641235097327E-007  4.023641235097327E-007
  4.023641235097327E-007  4.023641235097237E-007  4.023641235097327E-007
  1.362551236430698E-006  4.023641235097372E-007  4.023641235097369E-007
  4.023641235097350E-007  4.023641235097350E-007  4.023641235097372E-007
  4.023641235097372E-007  4.023641235097372E-007  4.023641235097372E-007
  4.023641235097372E-007  4.023641235097327E-007  4.023641235097327E-007
  4.023641235097327E-007  4.023641235097237E-007  4.023641235097327E-007
  1.362551236430698E-006  4.023641235097372E-007  4.023641235097369E-007
  4.023641235097350E-007  4.023641235097350E-007  4.023641235097372E-007
  4.023641235097372E-007  4.023641235097372E-007  4.023641235097372E-007
  4.023641235097372E-007  4.023641235097327E-007  4.023641235097327E-007
  4.023641235097327E-007  4.023641235097237E-007  4.023641235097327E-007
  1.362551236430698E-006  4.023641235097372E-007  4.023641235097369E-007
  4.023641235097350E-007  4.023641235097350E-007  4.023641235097372E-007
  4.023641235097372E-007  4.023641235097372E-007  4.023641235097372E-007
  4.023641235097372E-007  4.023641235097327E-007  4.023641235097327E-007
  4.023641235097327E-007  4.023641235097237E-007  4.023641235097327E-007
  4.614093959731539E-006  1.362551236430790E-006  1.362551236430792E-006
  1.362551236430792E-006  1.362551236430792E-006  1.362551236430792E-006
  1.362551236430774E-006  1.362551236430774E-006  1.362551236430774E-006
  1.362551236430792E-006  1.362551236430792E-006  1.362551236430792E-006
  1.362551236430792E-006  1.362551236430756E-006  1.362551236430756E-006
  1.362551236430871E-006  4.023641235097880E-007  4.023641235097878E-007
  4.023641235097892E-007  4.023641235097869E-007  4.023641235097869E-007
  4.023641235097824E-007  4.023641235097869E-007  4.023641235097869E-007
  4.023641235097869E-007  4.023641235097869E-007  4.023641235097869E-007
  4.023641235097779E-007  4.023641235097869E-007  4.023641235097869E-007
  1.362551236430698E-006  4.023641235097372E-007  4.023641235097369E-007
  4.023641235097350E-007  4.023641235097350E-007  4.023641235097372E-007
  4.023641235097372E-007  4.023641235097372E-007  4.023641235097372E-007
  4.023641235097372E-007  4.023641235097327E-007  4.023641235097327E-007
  4.023641235097327E-007  4.023641235097237E-007  4.023641235097327E-007
  1.362551236430698E-006  4.023641235097372E-007  4.023641235097369E-007
  4.023641235097350E-007  4.023641235097350E-007  4.023641235097372E-007
  4.023641235097372E-007  4.023641235097372E-007  4.023641235097372E-007
  4.023641235097372E-007  4.023641235097327E-007  4.023641235097327E-007
  4.023641235097327E-007  4.023641235097237E-007  4.023641235097327E-007
  1.362551236430698E-006  4.023641235097372E-007  4.023641235097369E-007
  4.023641235097350E-007  4.023641235097350E-007  4.023641235097372E-007
  4.023641235097372E-007  4.023641235097372E-007  4.023641235097372E-007
  4.023641235097372E-007  4.023641235097327E-007  4.023641235097327E-007
  4.023641235097327E-007  4.023641235097237E-007  4.023641235097327E-007
  1.362551236430698E-006  4.023641235097372E-007  4.023641235097369E-007
  4.023641235097350E-007  4.023641235097350E-007  4.023641235097372E-007
  4.023641235097372E-007  4.023641235097372E-007  4.023641235097372E-007
  4.023641235097372E-007  4.023641235097327E-007  4.023641235097327E-007
  4.023641235097327E-007  4.023641235097237E-007  4.023641235097327E-007
  1.362551236430004E-006  4.023641235095317E-007  4.023641235095317E-007
  4.023641235095317E-007  4.023641235095294E-007  4.023641235095294E-007
  4.023641235095339E-007  4.023641235095294E-007  4.023641235095294E-007
  4.023641235095294E-007  4.023641235095249E-007  4.023641235095249E-007
  4.023641235095339E-007  4.023641235095249E-007  4.023641235095249E-007
  1.362551236431970E-006  4.023641235109585E-007  4.023641235116417E-007
  4.023641235123235E-007  4.023641235130068E-007  4.023641235136901E-007
  4.023641235143700E-007  4.023641235150544E-007  4.023641235157365E-007
  4.023641235164186E-007  4.023641235171008E-007  4.023641235177920E-007
  4.023641235184741E-007  4.023641235191472E-007  4.023641235198384E-007
  1.362551236430698E-006  4.023641235097372E-007  4.023641235097369E-007
  4.023641235097350E-007  4.023641235097350E-007  4.023641235097372E-007
  4.023641235097372E-007  4.023641235097372E-007  4.023641235097372E-007
  4.023641235097372E-007  4.023641235097327E-007  4.023641235097327E-007
  4.023641235097327E-007  4.023641235097237E-007  4.023641235097327E-007
  1.362551236432086E-006  4.023641235101461E-007  4.023641235101458E-007
  4.023641235101461E-007  4.023641235101461E-007  4.023641235101483E-007
  4.023641235101438E-007  4.023641235101438E-007  4.023641235101438E-007
  4.023641235101438E-007  4.023641235101393E-007  4.023641235101483E-007
  4.023641235101483E-007  4.023641235101393E-007  4.023641235101483E-007
  1.362551236429310E-006  4.023641235093268E-007  4.023641235093272E-007
  4.023641235093261E-007  4.023641235093239E-007  4.023641235093261E-007
  4.023641235093216E-007  4.023641235093261E-007  4.023641235093261E-007
  4.023641235093261E-007  4.023641235093171E-007  4.023641235093261E-007
  4.023641235093261E-007  4.023641235093171E-007  4.023641235093171E-007
  1.362551236430698E-006  4.023641235097372E-007  4.023641235097369E-007
  4.023641235097350E-007  4.023641235097350E-007  4.023641235097372E-007
  4.023641235097372E-007  4.023641235097372E-007  4.023641235097372E-007
  4.023641235097372E-007  4.023641235097327E-007  4.023641235097327E-007
  4.023641235097327E-007  4.023641235097237E-007  4.023641235097327E-007
  1.362551236429310E-006  4.023641235093268E-007  4.023641235093272E-007
  4.023641235093261E-007  4.023641235093239E-007  4.023641235093261E-007
  4.023641235093216E-007  4.023641235093261E-007  4.023641235093261E-007
  4.023641235093261E-007  4.023641235093171E-007  4.023641235093261E-007
  4.023641235093261E-007  4.023641235093171E-007  4.023641235093171E-007
  1.362551236430698E-006  4.023641235097372E-007  4.023641235097369E-007
  4.023641235097350E-007  4.023641235097350E-007  4.023641235097372E-007
  4.023641235097372E-007  4.023641235097372E-007  4.023641235097372E-007
  4.023641235097372E-007  4.023641235097327E-007  4.023641235097327E-007
  4.023641235097327E-007  4.023641235097237E-007  4.023641235097327E-007
  1.362551236430467E-006  4.023641235088227E-007  4.023641235081400E-007
  4.023641235074548E-007  4.023641235067715E-007  4.023641235060905E-007
  4.023641235054072E-007  4.023641235047239E-007  4.023641235040418E-007
  4.023641235033585E-007  4.023641235026718E-007  4.023641235019874E-007
  4.023641235013053E-007  4.023641235006141E-007  4.023641234999387E-007
  4.614093959731539E-006  1.362551236430790E-006  1.362551236430792E-006
  1.362551236430792E-006  1.362551236430792E-006  1.362551236430792E-006
  1.362551236430774E-006  1.362551236430774E-006  1.362551236430774E-006
  1.362551236430792E-006  1.362551236430792E-006  1.362551236430792E-006
  1.362551236430792E-006  1.362551236430756E-006  1.362551236430756E-006
  1.362551236430698E-006  4.023641235097372E-007  4.023641235097369E-007
  4.023641235097350E-007  4.023641235097350E-007  4.023641235097372E-007
  4.023641235097372E-007  4.023641235097372E-007  4.023641235097372E-007
  4.023641235097372E-007  4.023641235097327E-007  4.023641235097327E-007
  4.023641235097327E-007  4.023641235097237E-007  4.023641235097327E-007
  1.362551236431045E-006  4.023641235098389E-007  4.023641235098389E-007
  4.023641235098389E-007  4.023641235098366E-007  4.023641235098366E-007
  4.023641235098366E-007  4.023641235098366E-007  4.023641235098366E-007
  4.023641235098411E-007  4.023641235098321E-007  4.023641235098411E-007
  4.023641235098411E-007  4.023641235098321E-007  4.023641235098321E-007
  1.362551236431392E-006  4.023641235099412E-007  4.023641235099419E-007
  4.023641235099405E-007  4.023641235099405E-007  4.023641235099405E-007
  4.023641235099405E-007  4.023641235099405E-007  4.023641235099405E-007
  4.023641235099405E-007  4.023641235099405E-007  4.023641235099405E-007
  4.023641235099405E-007  4.023641235099315E-007  4.023641235099405E-007
  1.362551236430698E-006  4.023641235097372E-007  4.023641235097369E-007
  4.023641235097350E-007  4.023641235097350E-007  4.023641235097372E-007
  4.023641235097372E-007  4.023641235097372E-007  4.023641235097372E-007
  4.023641235097372E-007  4.023641235097327E-007  4.023641235097327E-007
  4.023641235097327E-007  4.023641235097237E-007  4.023641235097327E-007
  1.362551236430698E-006  4.023641235097372E-007  4.023641235097369E-007
  4.023641235097350E-007  4.023641235097350E-007  4.023641235097372E-007
  4.023641235097372E-007  4.023641235097372E-007  4.023641235097372E-007
  4.023641235097372E-007  4.023641235097327E-007  4.023641235097327E-007
  4.023641235097327E-007  4.023641235097237E-007  4.023641235097327E-007
  1.362551236430698E-006  4.023641235097372E-007  4.023641235097369E-007
  4.023641235097350E-007  4.023641235097350E-007  4.023641235097372E-007
  4.023641235097372E-007  4.023641235097372E-007  4.023641235097372E-007
  4.023641235097372E-007  4.023641235097327E-007  4.023641235097327E-007
  4.023641235097327E-007  4.023641235097237E-007  4.023641235097327E-007
  1.362551236430698E-006  4.023641235097372E-007  4.023641235097369E-007
  4.023641235097350E-007  4.023641235097350E-007  4.023641235097372E-007
  4.023641235097372E-007  4.023641235097372E-007  4.023641235097372E-007
  4.023641235097372E-007  4.023641235097327E-007  4.023641235097327E-007
  4.023641235097327E-007  4.023641235097237E-007  4.023641235097327E-007
  1.362551236430698E-006  4.023641235097372E-007  4.023641235097369E-007
  4.023641235097350E-007  4.023641235097350E-007  4.023641235097372E-007
  4.023641235097372E-007  4.023641235097372E-007  4.023641235097372E-007
  4.023641235097372E-007  4.023641235097327E-007  4.023641235097327E-007
  4.023641235097327E-007  4.023641235097237E-007  4.023641235097327E-007
  1.362551236432086E-006  4.023641235101461E-007  4.023641235101458E-007
  4.023641235101461E-007  4.023641235101461E-007  4.023641235101483E-007
  4.023641235101438E-007  4.023641235101438E-007  4.023641235101438E-007
  4.023641235101438E-007  4.023641235101393E-007  4.023641235101483E-007
  4.023641235101483E-007  4.023641235101393E-007  4.023641235101483E-007
  1.362551236429310E-006  4.023641235093268E-007  4.023641235093272E-007
  4.023641235093261E-007  4.023641235093239E-007  4.023641235093261E-007
  4.023641235093216E-007  4.023641235093261E-007  4.023641235093261E-007
  4.023641235093261E-007  4.023641235093171E-007  4.023641235093261E-007
  4.023641235093261E-007  4.023641235093171E-007  4.023641235093171E-007
  1.362551236430698E-006  4.023641235097372E-007  4.023641235097369E-007
  4.023641235097350E-007  4.023641235097350E-007  4.023641235097372E-007
  4.023641235097372E-007  4.023641235097372E-007  4.023641235097372E-007
  4.023641235097372E-007  4.023641235097327E-007  4.023641235097327E-007
  4.023641235097327E-007  4.023641235097237E-007  4.023641235097327E-007
  1.362551236428616E-006  4.023641235082762E-007  4.023641235075931E-007
  4.023641235069104E-007  4.023641235062254E-007  4.023641235055416E-007
  4.023641235048572E-007  4.023641235041762E-007  4.023641235034929E-007
  4.023641235028096E-007  4.023641235021252E-007  4.023641235014408E-007
  4.023641235007587E-007  4.023641235000720E-007  4.023641234993944E-007
  1.362551236430698E-006  4.023641235097372E-007  4.023641235097369E-007
  4.023641235097350E-007  4.023641235097350E-007  4.023641235097372E-007
  4.023641235097372E-007  4.023641235097372E-007  4.023641235097372E-007
  4.023641235097372E-007  4.023641235097327E-007  4.023641235097327E-007
  4.023641235097327E-007  4.023641235097237E-007  4.023641235097327E-007
  1.362551236430698E-006  4.023641235097372E-007  4.023641235097369E-007
  4.023641235097350E-007  4.023641235097350E-007  4.023641235097372E-007
  4.023641235097372E-007  4.023641235097372E-007  4.023641235097372E-007
  4.023641235097372E-007  4.023641235097327E-007  4.023641235097327E-007
  4.023641235097327E-007  4.023641235097237E-007  4.023641235097327E-007
  4.614093959731495E-006  1.362551236430778E-006  1.362551236430778E-006
  1.362551236430774E-006  1.362551236430774E-006  1.362551236430774E-006
  1.362551236430774E-006  1.362551236430774E-006  1.362551236430774E-006
  1.362551236430774E-006  1.362551236430774E-006  1.362551236430774E-006
  1.362551236430756E-006  1.362551236430756E-006  1.362551236430792E-006
  1.362551236430698E-006  4.023641235097372E-007  4.023641235097369E-007
  4.023641235097350E-007  4.023641235097350E-007  4.023641235097372E-007
  4.023641235097372E-007  4.023641235097372E-007  4.023641235097372E-007
  4.023641235097372E-007  4.023641235097327E-007  4.023641235097327E-007
  4.023641235097327E-007  4.023641235097237E-007  4.023641235097327E-007
  1.362551236430698E-006  4.023641235097372E-007  4.023641235097369E-007
  4.023641235097350E-007  4.023641235097350E-007  4.023641235097372E-007
  4.023641235097372E-007  4.023641235097372E-007  4.023641235097372E-007
  4.023641235097372E-007  4.023641235097327E-007  4.023641235097327E-007
  4.023641235097327E-007  4.023641235097237E-007  4.023641235097327E-007
  1.362551236430004E-006  4.023641235095317E-007  4.023641235095317E-007
  4.023641235095317E-007  4.023641235095294E-007  4.023641235095294E-007
  4.023641235095339E-007  4.023641235095294E-007  4.023641235095294E-007
  4.023641235095294E-007  4.023641235095249E-007  4.023641235095249E-007
  4.023641235095339E-007  4.023641235095249E-007  4.023641235095249E-007
  1.362551236430698E-006  4.023641235097372E-007  4.023641235097369E-007
  4.023641235097350E-007  4.023641235097350E-007  4.023641235097372E-007
  4.023641235097372E-007  4.023641235097372E-007  4.023641235097372E-007
  4.023641235097372E-007  4.023641235097327E-007  4.023641235097327E-007
  4.023641235097327E-007  4.023641235097237E-007  4.023641235097327E-007
  1.362551236430698E-006  4.023641235097372E-007  4.023641235097369E-007
  4.023641235097350E-007  4.023641235097350E-007  4.023641235097372E-007
  4.023641235097372E-007  4.023641235097372E-007  4.023641235097372E-007
  4.023641235097372E-007  4.023641235097327E-007  4.023641235097327E-007
  4.023641235097327E-007  4.023641235097237E-007  4.023641235097327E-007
  1.362551236430698E-006  4.023641235097372E-007  4.023641235097369E-007
  4.023641235097350E-007  4.023641235097350E-007  4.023641235097372E-007
  4.023641235097372E-007  4.023641235097372E-007  4.023641235097372E-007
  4.023641235097372E-007  4.023641235097327E-007  4.023641235097327E-007
  4.023641235097327E-007  4.023641235097237E-007  4.023641235097327E-007
  1.362551236430698E-006  4.023641235097372E-007  4.023641235097369E-007
  4.023641235097350E-007  4.023641235097350E-007  4.023641235097372E-007
  4.023641235097372E-007  4.023641235097372E-007  4.023641235097372E-007
  4.023641235097372E-007  4.023641235097327E-007  4.023641235097327E-007
  4.023641235097327E-007  4.023641235097237E-007  4.023641235097327E-007
  1.362551236430698E-006  4.023641235097372E-007  4.023641235097369E-007
  4.023641235097350E-007  4.023641235097350E-007  4.023641235097372E-007
  4.023641235097372E-007  4.023641235097372E-007  4.023641235097372E-007
  4.023641235097372E-007  4.023641235097327E-007  4.023641235097327E-007
  4.023641235097327E-007  4.023641235097237E-007  4.023641235097327E-007
  1.362551236430698E-006  4.023641235097372E-007  4.023641235097369E-007
  4.023641235097350E-007  4.023641235097350E-007  4.023641235097372E-007
  4.023641235097372E-007  4.023641235097372E-007  4.023641235097372E-007
  4.023641235097372E-007  4.023641235097327E-007  4.023641235097327E-007
  4.023641235097327E-007  4.023641235097237E-007  4.023641235097327E-007
  1.362551236430698E-006  4.023641235097372E-007  4.023641235097369E-007
  4.023641235097350E-007  4.023641235097350E-007  4.023641235097372E-007
  4.023641235097372E-007  4.023641235097372E-007  4.023641235097372E-007
  4.023641235097372E-007  4.023641235097327E-007  4.023641235097327E-007
  4.023641235097327E-007  4.023641235097237E-007  4.023641235097327E-007
  1.362551236433474E-006  4.023641235105567E-007  4.023641235105560E-007
  4.023641235105549E-007  4.023641235105549E-007  4.023641235105549E-007
  4.023641235105549E-007  4.023641235105549E-007  4.023641235105549E-007
  4.023641235105549E-007  4.023641235105549E-007  4.023641235105549E-007
  4.023641235105549E-007  4.023641235105549E-007  4.023641235105549E-007
  1.362551236430698E-006  4.023641235097372E-007  4.023641235097369E-007
  4.023641235097350E-007  4.023641235097350E-007  4.023641235097372E-007
  4.023641235097372E-007  4.023641235097372E-007  4.023641235097372E-007
  4.023641235097372E-007  4.023641235097327E-007  4.023641235097327E-007
  4.023641235097327E-007  4.023641235097237E-007  4.023641235097327E-007
  1.362551236430698E-006  4.023641235097372E-007  4.023641235097369E-007
  4.023641235097350E-007  4.023641235097350E-007  4.023641235097372E-007
  4.023641235097372E-007  4.023641235097372E-007  4.023641235097372E-007
  4.023641235097372E-007  4.023641235097327E-007  4.023641235097327E-007
  4.023641235097327E-007  4.023641235097237E-007  4.023641235097327E-007
  1.362551236433474E-006  4.023641235105567E-007  4.023641235105560E-007
  4.023641235105549E-007  4.023641235105549E-007  4.023641235105549E-007
  4.023641235105549E-007  4.023641235105549E-007  4.023641235105549E-007
  4.023641235105549E-007  4.023641235105549E-007  4.023641235105549E-007
  4.023641235105549E-007  4.023641235105549E-007  4.023641235105549E-007
  4.614093959731583E-006  1.362551236430803E-006  1.362551236430801E-006
  1.362551236430810E-006  1.362551236430792E-006  1.362551236430792E-006
  1.362551236430792E-006  1.362551236430792E-006  1.362551236430792E-006
  1.362551236430792E-006  1.362551236430792E-006  1.362551236430792E-006
  1.362551236430792E-006  1.362551236430756E-006  1.362551236430792E-006
  1.362551236430698E-006  4.023641235097372E-007  4.023641235097369E-007
  4.023641235097350E-007  4.023641235097350E-007  4.023641235097372E-007
  4.023641235097372E-007  4.023641235097372E-007  4.023641235097372E-007
  4.023641235097372E-007  4.023641235097327E-007  4.023641235097327E-007
  4.023641235097327E-007  4.023641235097237E-007  4.023641235097327E-007
  1.362551236431045E-006  4.023641235098389E-007  4.023641235098389E-007
  4.023641235098389E-007  4.023641235098366E-007  4.023641235098366E-007
  4.023641235098366E-007  4.023641235098366E-007  4.023641235098366E-007
  4.023641235098411E-007  4.023641235098321E-007  4.023641235098411E-007
  4.023641235098411E-007  4.023641235098321E-007  4.023641235098321E-007
  1.362551236431392E-006  4.023641235099412E-007  4.023641235099419E-007
  4.023641235099405E-007  4.023641235099405E-007  4.023641235099405E-007
  4.023641235099405E-007  4.023641235099405E-007  4.023641235099405E-007
  4.023641235099405E-007  4.023641235099405E-007  4.023641235099405E-007
  4.023641235099405E-007  4.023641235099315E-007  4.023641235099405E-007
  1.362551236430698E-006  4.023641235097372E-007  4.023641235097369E-007
  4.023641235097350E-007  4.023641235097350E-007  4.023641235097372E-007
  4.023641235097372E-007  4.023641235097372E-007  4.023641235097372E-007
  4.023641235097372E-007  4.023641235097327E-007  4.023641235097327E-007
  4.023641235097327E-007  4.023641235097237E-007  4.023641235097327E-007
  1.362551236430698E-006  4.023641235097372E-007  4.023641235097369E-007
  4.023641235097350E-007  4.023641235097350E-007  4.023641235097372E-007
  4.023641235097372E-007  4.023641235097372E-007  4.023641235097372E-007
  4.023641235097372E-007  4.023641235097327E-007  4.023641235097327E-007
  4.023641235097327E-007  4.023641235097237E-007  4.023641235097327E-007
  1.362551236429310E-006  4.023641235093268E-007  4.023641235093272E-007
  4.023641235093261E-007  4.023641235093239E-007  4.023641235093261E-007
  4.023641235093216E-007  4.023641235093261E-007  4.023641235093261E-007
  4.023641235093261E-007  4.023641235093171E-007  4.023641235093261E-007
  4.023641235093261E-007  4.023641235093171E-007  4.023641235093171E-007
  1.362551236430698E-006  4.023641235097372E-007  4.023641235097369E-007
  4.023641235097350E-007  4.023641235097350E-007  4.023641235097372E-007
  4.023641235097372E-007  4.023641235097372E-007  4.023641235097372E-007
  4.023641235097372E-007  4.023641235097327E-007  4.023641235097327E-007
  4.023641235097327E-007  4.023641235097237E-007  4.023641235097327E-007
  1.362551236430698E-006  4.023641235097372E-007  4.023641235097369E-007
  4.023641235097350E-007  4.023641235097350E-007  4.023641235097372E-007
  4.023641235097372E-007  4.023641235097372E-007  4.023641235097372E-007
  4.023641235097372E-007  4.023641235097327E-007  4.023641235097327E-007
  4.023641235097327E-007  4.023641235097237E-007  4.023641235097327E-007
  1.362551236429310E-006  4.023641235093268E-007  4.023641235093272E-007
  4.023641235093261E-007  4.023641235093239E-007  4.023641235093261E-007
  4.023641235093216E-007  4.023641235093261E-007  4.023641235093261E-007
  4.023641235093261E-007  4.023641235093171E-007  4.023641235093261E-007
  4.023641235093261E-007  4.023641235093171E-007  4.023641235093171E-007
  1.362551236433474E-006  4.023641235105567E-007  4.023641235105560E-007
  4.023641235105549E-007  4.023641235105549E-007  4.023641235105549E-007
  4.023641235105549E-007  4.023641235105549E-007  4.023641235105549E-007
  4.023641235105549E-007  4.023641235105549E-007  4.023641235105549E-007
  4.023641235105549E-007  4.023641235105549E-007  4.023641235105549E-007
  1.362551236427923E-006  4.023641235089173E-007  4.023641235089164E-007
  4.023641235089173E-007  4.023641235089173E-007  4.023641235089196E-007
  4.023641235089151E-007  4.023641235089151E-007  4.023641235089196E-007
  4.023641235089151E-007  4.023641235089196E-007  4.023641235089196E-007
  4.023641235089196E-007  4.023641235089105E-007  4.023641235089196E-007
  1.362551236433474E-006  4.023641235105567E-007  4.023641235105560E-007
  4.023641235105549E-007  4.023641235105549E-007  4.023641235105549E-007
  4.023641235105549E-007  4.023641235105549E-007  4.023641235105549E-007
  4.023641235105549E-007  4.023641235105549E-007  4.023641235105549E-007
  4.023641235105549E-007  4.023641235105549E-007  4.023641235105549E-007
  1.362551236430698E-006  4.023641235097372E-007  4.023641235097369E-007
  4.023641235097350E-007  4.023641235097350E-007  4.023641235097372E-007
  4.023641235097372E-007  4.023641235097372E-007  4.023641235097372E-007
  4.023641235097372E-007  4.023641235097327E-007  4.023641235097327E-007
  4.023641235097327E-007  4.023641235097237E-007  4.023641235097327E-007
  1.362551236430698E-006  4.023641235097372E-007  4.023641235097369E-007
  4.023641235097350E-007  4.023641235097350E-007  4.023641235097372E-007
  4.023641235097372E-007  4.023641235097372E-007  4.023641235097372E-007
  4.023641235097372E-007  4.023641235097327E-007  4.023641235097327E-007
  4.023641235097327E-007  4.023641235097237E-007  4.023641235097327E-007
  4.614093959731583E-006  1.362551236430803E-006  1.362551236430801E-006
  1.362551236430810E-006  1.362551236430792E-006  1.362551236430792E-006
  1.362551236430792E-006  1.362551236430792E-006  1.362551236430792E-006
  1.362551236430792E-006  1.362551236430792E-006  1.362551236430792E-006
  1.362551236430792E-006  1.362551236430756E-006  1.362551236430792E-006
  1.362551236430698E-006  4.023641235097372E-007  4.023641235097369E-007
  4.023641235097350E-007  4.023641235097350E-007  4.023641235097372E-007
  4.023641235097372E-007  4.023641235097372E-007  4.023641235097372E-007
  4.023641235097372E-007  4.023641235097327E-007  4.023641235097327E-007
  4.023641235097327E-007  4.023641235097237E-007  4.023641235097327E-007
  1.362551236430235E-006  4.023641235096000E-007  4.023641235096000E-007
  4.023641235096006E-007  4.023641235095978E-007  4.023641235095983E-007
  4.023641235095983E-007  4.023641235095983E-007  4.023641235095972E-007
  4.023641235095983E-007  4.023641235095949E-007  4.023641235095972E-007
  4.023641235096040E-007  4.023641235095927E-007  4.023641235095949E-007
  1.362551236431392E-006  4.023641235099412E-007  4.023641235099419E-007
  4.023641235099405E-007  4.023641235099405E-007  4.023641235099405E-007
  4.023641235099405E-007  4.023641235099405E-007  4.023641235099405E-007
  4.023641235099405E-007  4.023641235099405E-007  4.023641235099405E-007
  4.023641235099405E-007  4.023641235099315E-007  4.023641235099405E-007
  1.362551236430698E-006  4.023641235097372E-007  4.023641235097369E-007
  4.023641235097350E-007  4.023641235097350E-007  4.023641235097372E-007
  4.023641235097372E-007  4.023641235097372E-007  4.023641235097372E-007
  4.023641235097372E-007  4.023641235097327E-007  4.023641235097327E-007
  4.023641235097327E-007  4.023641235097237E-007  4.023641235097327E-007
  1.362551236432086E-006  4.023641235101461E-007  4.023641235101458E-007
  4.023641235101461E-007  4.023641235101461E-007  4.023641235101483E-007
  4.023641235101438E-007  4.023641235101438E-007  4.023641235101438E-007
  4.023641235101438E-007  4.023641235101393E-007  4.023641235101483E-007
  4.023641235101483E-007  4.023641235101393E-007  4.023641235101483E-007
  1.362551236430698E-006  4.023641235097372E-007  4.023641235097369E-007
  4.023641235097350E-007  4.023641235097350E-007  4.023641235097372E-007
  4.023641235097372E-007  4.023641235097372E-007  4.023641235097372E-007
  4.023641235097372E-007  4.023641235097327E-007  4.023641235097327E-007
  4.023641235097327E-007  4.023641235097237E-007  4.023641235097327E-007
  1.362551236430698E-006  4.023641235097372E-007  4.023641235097369E-007
  4.023641235097350E-007  4.023641235097350E-007  4.023641235097372E-007
  4.023641235097372E-007  4.023641235097372E-007  4.023641235097372E-007
  4.023641235097372E-007  4.023641235097327E-007  4.023641235097327E-007
  4.023641235097327E-007  4.023641235097237E-007  4.023641235097327E-007
  1.362551236430698E-006  4.023641235097372E-007  4.023641235097369E-007
  4.023641235097350E-007  4.023641235097350E-007  4.023641235097372E-007
  4.023641235097372E-007  4.023641235097372E-007  4.023641235097372E-007
  4.023641235097372E-007  4.023641235097327E-007  4.023641235097327E-007
  4.023641235097327E-007  4.023641235097237E-007  4.023641235097327E-007
  1.362551236433474E-006  4.023641235105567E-007  4.023641235105560E-007
  4.023641235105549E-007  4.023641235105549E-007  4.023641235105549E-007
  4.023641235105549E-007  4.023641235105549E-007  4.023641235105549E-007
  4.023641235105549E-007  4.023641235105549E-007  4.023641235105549E-007
  4.023641235105549E-007  4.023641235105549E-007  4.023641235105549E-007
  1.362551236430698E-006  4.023641235097372E-007  4.023641235097369E-007
  4.023641235097350E-007  4.023641235097350E-007  4.023641235097372E-007
  4.023641235097372E-007  4.023641235097372E-007  4.023641235097372E-007
  4.023641235097372E-007  4.023641235097327E-007  4.023641235097327E-007
  4.023641235097327E-007  4.023641235097237E-007  4.023641235097327E-007
  1.362551236427923E-006  4.023641235089173E-007  4.023641235089164E-007
  4.023641235089173E-007  4.023641235089173E-007  4.023641235089196E-007
  4.023641235089151E-007  4.023641235089151E-007  4.023641235089196E-007
  4.023641235089151E-007  4.023641235089196E-007  4.023641235089196E-007
  4.023641235089196E-007  4.023641235089105E-007  4.023641235089196E-007
  1.362551236430698E-006  4.023641235097372E-007  4.023641235097369E-007
  4.023641235097350E-007  4.023641235097350E-007  4.023641235097372E-007
  4.023641235097372E-007  4.023641235097372E-007  4.023641235097372E-007
  4.023641235097372E-007  4.023641235097327E-007  4.023641235097327E-007
  4.023641235097327E-007  4.023641235097237E-007  4.023641235097327E-007
  1.362551236430698E-006  4.023641235097372E-007  4.023641235097369E-007
  4.023641235097350E-007  4.023641235097350E-007  4.023641235097372E-007
  4.023641235097372E-007  4.023641235097372E-007  4.023641235097372E-007
  4.023641235097372E-007  4.023641235097327E-007  4.023641235097327E-007
  4.023641235097327E-007  4.023641235097237E-007  4.023641235097327E-007
  1.362551236430698E-006  4.023641235097372E-007  4.023641235097369E-007
  4.023641235097350E-007  4.023641235097350E-007  4.023641235097372E-007
  4.023641235097372E-007  4.023641235097372E-007  4.023641235097372E-007
  4.023641235097372E-007  4.023641235097327E-007  4.023641235097327E-007
  4.023641235097327E-007  4.023641235097237E-007  4.023641235097327E-007
  4.614093959731495E-006  1.362551236430778E-006  1.362551236430778E-006
  1.362551236430774E-006  1.362551236430774E-006  1.362551236430774E-006
  1.362551236430774E-006  1.362551236430774E-006  1.362551236430774E-006
  1.362551236430774E-006  1.362551236430774E-006  1.362551236430774E-006
  1.362551236430756E-006  1.362551236430756E-006  1.362551236430792E-006
  1.362551236431045E-006  4.023641235098389E-007  4.023641235098389E-007
  4.023641235098389E-007  4.023641235098366E-007  4.023641235098366E-007
  4.023641235098366E-007  4.023641235098366E-007  4.023641235098366E-007
  4.023641235098411E-007  4.023641235098321E-007  4.023641235098411E-007
  4.023641235098411E-007  4.023641235098321E-007  4.023641235098321E-007
  1.362551236430698E-006  4.023641235097372E-007  4.023641235097369E-007
  4.023641235097350E-007  4.023641235097350E-007  4.023641235097372E-007
  4.023641235097372E-007  4.023641235097372E-007  4.023641235097372E-007
  4.023641235097372E-007  4.023641235097327E-007  4.023641235097327E-007
  4.023641235097327E-007  4.023641235097237E-007  4.023641235097327E-007
  1.362551236430004E-006  4.023641235095317E-007  4.023641235095317E-007
  4.023641235095317E-007  4.023641235095294E-007  4.023641235095294E-007
  4.023641235095339E-007  4.023641235095294E-007  4.023641235095294E-007
  4.023641235095294E-007  4.023641235095249E-007  4.023641235095249E-007
  4.023641235095339E-007  4.023641235095249E-007  4.023641235095249E-007
  1.362551236430698E-006  4.023641235097372E-007  4.023641235097369E-007
  4.023641235097350E-007  4.023641235097350E-007  4.023641235097372E-007
  4.023641235097372E-007  4.023641235097372E-007  4.023641235097372E-007
  4.023641235097372E-007  4.023641235097327E-007  4.023641235097327E-007
  4.023641235097327E-007  4.023641235097237E-007  4.023641235097327E-007
  1.362551236430698E-006  4.023641235097372E-007  4.023641235097369E-007
  4.023641235097350E-007  4.023641235097350E-007  4.023641235097372E-007
  4.023641235097372E-007  4.023641235097372E-007  4.023641235097372E-007
  4.023641235097372E-007  4.023641235097327E-007  4.023641235097327E-007
  4.023641235097327E-007  4.023641235097237E-007  4.023641235097327E-007
  1.362551236430698E-006  4.023641235097372E-007  4.023641235097369E-007
  4.023641235097350E-007  4.023641235097350E-007  4.023641235097372E-007
  4.023641235097372E-007  4.023641235097372E-007  4.023641235097372E-007
  4.023641235097372E-007  4.023641235097327E-007  4.023641235097327E-007
  4.023641235097327E-007  4.023641235097237E-007  4.023641235097327E-007
  1.362551236430698E-006  4.023641235097372E-007  4.023641235097369E-007
  4.023641235097350E-007  4.023641235097350E-007  4.023641235097372E-007
  4.023641235097372E-007  4.023641235097372E-007  4.023641235097372E-007
  4.023641235097372E-007  4.023641235097327E-007  4.023641235097327E-007
  4.023641235097327E-007  4.023641235097237E-007  4.023641235097327E-007
  1.362551236433474E-006  4.023641235105567E-007  4.023641235105560E-007
  4.023641235105549E-007  4.023641235105549E-007  4.023641235105549E-007
  4.023641235105549E-007  4.023641235105549E-007  4.023641235105549E-007
  4.023641235105549E-007  4.023641235105549E-007  4.023641235105549E-007
  4.023641235105549E-007  4.023641235105549E-007  4.023641235105549E-007
  1.362551236430698E-006  4.023641235097372E-007  4.023641235097369E-007
  4.023641235097350E-007  4.023641235097350E-007  4.023641235097372E-007
  4.023641235097372E-007  4.023641235097372E-007  4.023641235097372E-007
  4.023641235097372E-007  4.023641235097327E-007  4.023641235097327E-007
  4.023641235097327E-007  4.023641235097237E-007  4.023641235097327E-007
  1.362551236430698E-006  4.023641235097372E-007  4.023641235097369E-007
  4.023641235097350E-007  4.023641235097350E-007  4.023641235097372E-007
  4.023641235097372E-007  4.023641235097372E-007  4.023641235097372E-007
  4.023641235097372E-007  4.023641235097327E-007  4.023641235097327E-007
  4.023641235097327E-007  4.023641235097237E-007  4.023641235097327E-007
  1.362551236433474E-006  4.023641235105567E-007  4.023641235105560E-007
  4.023641235105549E-007  4.023641235105549E-007  4.023641235105549E-007
  4.023641235105549E-007  4.023641235105549E-007  4.023641235105549E-007
  4.023641235105549E-007  4.023641235105549E-007  4.023641235105549E-007
  4.023641235105549E-007  4.023641235105549E-007  4.023641235105549E-007
  1.362551236427923E-006  4.023641235089173E-007  4.023641235089164E-007
  4.023641235089173E-007  4.023641235089173E-007  4.023641235089196E-007
  4.023641235089151E-007  4.023641235089151E-007  4.023641235089196E-007
  4.023641235089151E-007  4.023641235089196E-007  4.023641235089196E-007
  4.023641235089196E-007  4.023641235089105E-007  4.023641235089196E-007
  1.362551236430698E-006  4.023641235097372E-007  4.023641235097369E-007
  4.023641235097350E-007  4.023641235097350E-007  4.023641235097372E-007
  4.023641235097372E-007  4.023641235097372E-007  4.023641235097372E-007
  4.023641235097372E-007  4.023641235097327E-007  4.023641235097327E-007
  4.023641235097327E-007  4.023641235097237E-007  4.023641235097327E-007
  1.362551236433474E-006  4.023641235105567E-007  4.023641235105560E-007
  4.023641235105549E-007  4.023641235105549E-007  4.023641235105549E-007
  4.023641235105549E-007  4.023641235105549E-007  4.023641235105549E-007
  4.023641235105549E-007  4.023641235105549E-007  4.023641235105549E-007
  4.023641235105549E-007  4.023641235105549E-007  4.023641235105549E-007
  4.614093959731495E-006  1.362551236430778E-006  1.362551236430778E-006
  1.362551236430774E-006  1.362551236430774E-006  1.362551236430774E-006
  1.362551236430774E-006  1.362551236430774E-006  1.362551236430774E-006
  1.362551236430774E-006  1.362551236430774E-006  1.362551236430774E-006
  1.362551236430756E-006  1.362551236430756E-006  1.362551236430792E-006
  1.362551236430698E-006  4.023641235097372E-007  4.023641235097369E-007
  4.023641235097350E-007  4.023641235097350E-007  4.023641235097372E-007
  4.023641235097372E-007  4.023641235097372E-007  4.023641235097372E-007
  4.023641235097372E-007  4.023641235097327E-007  4.023641235097327E-007
  4.023641235097327E-007  4.023641235097237E-007  4.023641235097327E-007
  1.362551236431392E-006  4.023641235099412E-007  4.023641235099419E-007
  4.023641235099405E-007  4.023641235099405E-007  4.023641235099405E-007
  4.023641235099405E-007  4.023641235099405E-007  4.023641235099405E-007
  4.023641235099405E-007  4.023641235099405E-007  4.023641235099405E-007
  4.023641235099405E-007  4.023641235099315E-007  4.023641235099405E-007
  1.362551236430698E-006  4.023641235097372E-007  4.023641235097369E-007
  4.023641235097350E-007  4.023641235097350E-007  4.023641235097372E-007
  4.023641235097372E-007  4.023641235097372E-007  4.023641235097372E-007
  4.023641235097372E-007  4.023641235097327E-007  4.023641235097327E-007
  4.023641235097327E-007  4.023641235097237E-007  4.023641235097327E-007
  1.362551236432086E-006  4.023641235101461E-007  4.023641235101458E-007
  4.023641235101461E-007  4.023641235101461E-007  4.023641235101483E-007
  4.023641235101438E-007  4.023641235101438E-007  4.023641235101438E-007
  4.023641235101438E-007  4.023641235101393E-007  4.023641235101483E-007
  4.023641235101483E-007  4.023641235101393E-007  4.023641235101483E-007
  1.362551236432086E-006  4.023641235101461E-007  4.023641235101458E-007
  4.023641235101461E-007  4.023641235101461E-007  4.023641235101483E-007
  4.023641235101438E-007  4.023641235101438E-007  4.023641235101438E-007
  4.023641235101438E-007  4.023641235101393E-007  4.023641235101483E-007
  4.023641235101483E-007  4.023641235101393E-007  4.023641235101483E-007
  1.362551236429310E-006  4.023641235093268E-007  4.023641235093272E-007
  4.023641235093261E-007  4.023641235093239E-007  4.023641235093261E-007
  4.023641235093216E-007  4.023641235093261E-007  4.023641235093261E-007
  4.023641235093261E-007  4.023641235093171E-007  4.023641235093261E-007
  4.023641235093261E-007  4.023641235093171E-007  4.023641235093171E-007
  1.362551236430698E-006  4.023641235097372E-007  4.023641235097369E-007
  4.023641235097350E-007  4.023641235097350E-007  4.023641235097372E-007
  4.023641235097372E-007  4.023641235097372E-007  4.023641235097372E-007
  4.023641235097372E-007  4.023641235097327E-007  4.023641235097327E-007
  4.023641235097327E-007  4.023641235097237E-007  4.023641235097327E-007
  1.362551236433474E-006  4.023641235105567E-007  4.023641235105560E-007
  4.023641235105549E-007  4.023641235105549E-007  4.023641235105549E-007
  4.023641235105549E-007  4.023641235105549E-007  4.023641235105549E-007
  4.023641235105549E-007  4.023641235105549E-007  4.023641235105549E-007
  4.023641235105549E-007  4.023641235105549E-007  4.023641235105549E-007
  1.362551236430698E-006  4.023641235097372E-007  4.023641235097369E-007
  4.023641235097350E-007  4.023641235097350E-007  4.023641235097372E-007
  4.023641235097372E-007  4.023641235097372E-007  4.023641235097372E-007
  4.023641235097372E-007  4.023641235097327E-007  4.023641235097327E-007
  4.023641235097327E-007  4.023641235097237E-007  4.023641235097327E-007
  1.362551236430698E-006  4.023641235097372E-007  4.023641235097369E-007
  4.023641235097350E-007  4.023641235097350E-007  4.023641235097372E-007
  4.023641235097372E-007  4.023641235097372E-007  4.023641235097372E-007
  4.023641235097372E-007  4.023641235097327E-007  4.023641235097327E-007
  4.023641235097327E-007  4.023641235097237E-007  4.023641235097327E-007
  1.362551236430698E-006  4.023641235097372E-007  4.023641235097369E-007
  4.023641235097350E-007  4.023641235097350E-007  4.023641235097372E-007
  4.023641235097372E-007  4.023641235097372E-007  4.023641235097372E-007
  4.023641235097372E-007  4.023641235097327E-007  4.023641235097327E-007
  4.023641235097327E-007  4.023641235097237E-007  4.023641235097327E-007
  1.362551236427923E-006  4.023641235089173E-007  4.023641235089164E-007
  4.023641235089173E-007  4.023641235089173E-007  4.023641235089196E-007
  4.023641235089151E-007  4.023641235089151E-007  4.023641235089196E-007
  4.023641235089151E-007  4.023641235089196E-007  4.023641235089196E-007
  4.023641235089196E-007  4.023641235089105E-007  4.023641235089196E-007
  1.362551236427923E-006  4.023641235089173E-007  4.023641235089164E-007
  4.023641235089173E-007  4.023641235089173E-007  4.023641235089196E-007
  4.023641235089151E-007  4.023641235089151E-007  4.023641235089196E-007
  4.023641235089151E-007  4.023641235089196E-007  4.023641235089196E-007
  4.023641235089196E-007  4.023641235089105E-007  4.023641235089196E-007
  1.362551236430698E-006  4.023641235097372E-007  4.023641235097369E-007
  4.023641235097350E-007  4.023641235097350E-007  4.023641235097372E-007
  4.023641235097372E-007  4.023641235097372E-007  4.023641235097372E-007
  4.023641235097372E-007  4.023641235097327E-007  4.023641235097327E-007
  4.023641235097327E-007  4.023641235097237E-007  4.023641235097327E-007
  4.614093959731583E-006  1.362551236430803E-006  1.362551236430801E-006
  1.362551236430810E-006  1.362551236430792E-006  1.362551236430792E-006
  1.362551236430792E-006  1.362551236430792E-006  1.362551236430792E-006
  1.362551236430792E-006  1.362551236430792E-006  1.362551236430792E-006
  1.362551236430792E-006  1.362551236430756E-006  1.362551236430792E-006
  1.362551236431045E-006  4.023641235098389E-007  4.023641235098389E-007
  4.023641235098389E-007  4.023641235098366E-007  4.023641235098366E-007
  4.023641235098366E-007  4.023641235098366E-007  4.023641235098366E-007
  4.023641235098411E-007  4.023641235098321E-007  4.023641235098411E-007
  4.023641235098411E-007  4.023641235098321E-007  4.023641235098321E-007
  1.362551236431392E-006  4.023641235099412E-007  4.023641235099419E-007
  4.023641235099405E-007  4.023641235099405E-007  4.023641235099405E-007
  4.023641235099405E-007  4.023641235099405E-007  4.023641235099405E-007
  4.023641235099405E-007  4.023641235099405E-007  4.023641235099405E-007
  4.023641235099405E-007  4.023641235099315E-007  4.023641235099405E-007
  1.362551236431392E-006  4.023641235099412E-007  4.023641235099419E-007
  4.023641235099405E-007  4.023641235099405E-007  4.023641235099405E-007
  4.023641235099405E-007  4.023641235099405E-007  4.023641235099405E-007
  4.023641235099405E-007  4.023641235099405E-007  4.023641235099405E-007
  4.023641235099405E-007  4.023641235099315E-007  4.023641235099405E-007
  1.362551236430698E-006  4.023641235097372E-007  4.023641235097369E-007
  4.023641235097350E-007  4.023641235097350E-007  4.023641235097372E-007
  4.023641235097372E-007  4.023641235097372E-007  4.023641235097372E-007
  4.023641235097372E-007  4.023641235097327E-007  4.023641235097327E-007
  4.023641235097327E-007  4.023641235097237E-007  4.023641235097327E-007
  1.362551236430698E-006  4.023641235097372E-007  4.023641235097369E-007
  4.023641235097350E-007  4.023641235097350E-007  4.023641235097372E-007
  4.023641235097372E-007  4.023641235097372E-007  4.023641235097372E-007
  4.023641235097372E-007  4.023641235097327E-007  4.023641235097327E-007
  4.023641235097327E-007  4.023641235097237E-007  4.023641235097327E-007
  1.362551236430698E-006  4.023641235097372E-007  4.023641235097369E-007
  4.023641235097350E-007  4.023641235097350E-007  4.023641235097372E-007
  4.023641235097372E-007  4.023641235097372E-007  4.023641235097372E-007
  4.023641235097372E-007  4.023641235097327E-007  4.023641235097327E-007
  4.023641235097327E-007  4.023641235097237E-007  4.023641235097327E-007
  1.362551236430698E-006  4.023641235097372E-007  4.023641235097369E-007
  4.023641235097350E-007  4.023641235097350E-007  4.023641235097372E-007
  4.023641235097372E-007  4.023641235097372E-007  4.023641235097372E-007
  4.023641235097372E-007  4.023641235097327E-007  4.023641235097327E-007
  4.023641235097327E-007  4.023641235097237E-007  4.023641235097327E-007
  1.362551236430698E-006  4.023641235097372E-007  4.023641235097369E-007
  4.023641235097350E-007  4.023641235097350E-007  4.023641235097372E-007
  4.023641235097372E-007  4.023641235097372E-007  4.023641235097372E-007
  4.023641235097372E-007  4.023641235097327E-007  4.023641235097327E-007
  4.023641235097327E-007  4.023641235097237E-007  4.023641235097327E-007
  1.362551236430698E-006  4.023641235097372E-007  4.023641235097369E-007
  4.023641235097350E-007  4.023641235097350E-007  4.023641235097372E-007
  4.023641235097372E-007  4.023641235097372E-007  4.023641235097372E-007
  4.023641235097372E-007  4.023641235097327E-007  4.023641235097327E-007
  4.023641235097327E-007  4.023641235097237E-007  4.023641235097327E-007
  1.362551236430698E-006  4.023641235097372E-007  4.023641235097369E-007
  4.023641235097350E-007  4.023641235097350E-007  4.023641235097372E-007
  4.023641235097372E-007  4.023641235097372E-007  4.023641235097372E-007
  4.023641235097372E-007  4.023641235097327E-007  4.023641235097327E-007
  4.023641235097327E-007  4.023641235097237E-007  4.023641235097327E-007
  1.362551236430698E-006  4.023641235097372E-007  4.023641235097369E-007
  4.023641235097350E-007  4.023641235097350E-007  4.023641235097372E-007
  4.023641235097372E-007  4.023641235097372E-007  4.023641235097372E-007
  4.023641235097372E-007  4.023641235097327E-007  4.023641235097327E-007
  4.023641235097327E-007  4.023641235097237E-007  4.023641235097327E-007
  1.362551236430698E-006  4.023641235097372E-007  4.023641235097369E-007
  4.023641235097350E-007  4.023641235097350E-007  4.023641235097372E-007
  4.023641235097372E-007  4.023641235097372E-007  4.023641235097372E-007
  4.023641235097372E-007  4.023641235097327E-007  4.023641235097327E-007
  4.023641235097327E-007  4.023641235097237E-007  4.023641235097327E-007
  1.362551236427923E-006  4.023641235089173E-007  4.023641235089164E-007
  4.023641235089173E-007  4.023641235089173E-007  4.023641235089196E-007
  4.023641235089151E-007  4.023641235089151E-007  4.023641235089196E-007
  4.023641235089151E-007  4.023641235089196E-007  4.023641235089196E-007
  4.023641235089196E-007  4.023641235089105E-007  4.023641235089196E-007
  1.362551236427923E-006  4.023641235089173E-007  4.023641235089164E-007
  4.023641235089173E-007  4.023641235089173E-007  4.023641235089196E-007
  4.023641235089151E-007  4.023641235089151E-007  4.023641235089196E-007
  4.023641235089151E-007  4.023641235089196E-007  4.023641235089196E-007
  4.023641235089196E-007  4.023641235089105E-007  4.023641235089196E-007
  4.614093959731495E-006  1.362551236430778E-006  1.362551236430778E-006
  1.362551236430774E-006  1.362551236430774E-006  1.362551236430774E-006
  1.362551236430774E-006  1.362551236430774E-006  1.362551236430774E-006
  1.362551236430774E-006  1.362551236430774E-006  1.362551236430774E-006
  1.362551236430756E-006  1.362551236430756E-006  1.362551236430792E-006
  1.362551236430698E-006  4.023641235097372E-007  4.023641235097369E-007
  4.023641235097350E-007  4.023641235097350E-007  4.023641235097372E-007
  4.023641235097372E-007  4.023641235097372E-007  4.023641235097372E-007
  4.023641235097372E-007  4.023641235097327E-007  4.023641235097327E-007
  4.023641235097327E-007  4.023641235097237E-007  4.023641235097327E-007
  1.362551236430698E-006  4.023641235097372E-007  4.023641235097369E-007
  4.023641235097350E-007  4.023641235097350E-007  4.023641235097372E-007
  4.023641235097372E-007  4.023641235097372E-007  4.023641235097372E-007
  4.023641235097372E-007  4.023641235097327E-007  4.023641235097327E-007
  4.023641235097327E-007  4.023641235097237E-007  4.023641235097327E-007
  1.362551236432086E-006  4.023641235101461E-007  4.023641235101458E-007
  4.023641235101461E-007  4.023641235101461E-007  4.023641235101483E-007
  4.023641235101438E-007  4.023641235101438E-007  4.023641235101438E-007
  4.023641235101438E-007  4.023641235101393E-007  4.023641235101483E-007
  4.023641235101483E-007  4.023641235101393E-007  4.023641235101483E-007
  1.362551236430698E-006  4.023641235097372E-007  4.023641235097369E-007
  4.023641235097350E-007  4.023641235097350E-007  4.023641235097372E-007
  4.023641235097372E-007  4.023641235097372E-007  4.023641235097372E-007
  4.023641235097372E-007  4.023641235097327E-007  4.023641235097327E-007
  4.023641235097327E-007  4.023641235097237E-007  4.023641235097327E-007
  1.362551236429310E-006  4.023641235093268E-007  4.023641235093272E-007
  4.023641235093261E-007  4.023641235093239E-007  4.023641235093261E-007
  4.023641235093216E-007  4.023641235093261E-007  4.023641235093261E-007
  4.023641235093261E-007  4.023641235093171E-007  4.023641235093261E-007
  4.023641235093261E-007  4.023641235093171E-007  4.023641235093171E-007
  1.362551236430698E-006  4.023641235097372E-007  4.023641235097369E-007
  4.023641235097350E-007  4.023641235097350E-007  4.023641235097372E-007
  4.023641235097372E-007  4.023641235097372E-007  4.023641235097372E-007
  4.023641235097372E-007  4.023641235097327E-007  4.023641235097327E-007
  4.023641235097327E-007  4.023641235097237E-007  4.023641235097327E-007
  1.362551236430698E-006  4.023641235097372E-007  4.023641235097369E-007
  4.023641235097350E-007  4.023641235097350E-007  4.023641235097372E-007
  4.023641235097372E-007  4.023641235097372E-007  4.023641235097372E-007
  4.023641235097372E-007  4.023641235097327E-007  4.023641235097327E-007
  4.023641235097327E-007  4.023641235097237E-007  4.023641235097327E-007
  1.362551236427923E-006  4.023641235089173E-007  4.023641235089164E-007
  4.023641235089173E-007  4.023641235089173E-007  4.023641235089196E-007
  4.023641235089151E-007  4.023641235089151E-007  4.023641235089196E-007
  4.023641235089151E-007  4.023641235089196E-007  4.023641235089196E-007
  4.023641235089196E-007  4.023641235089105E-007  4.023641235089196E-007
  1.362551236433474E-006  4.023641235105567E-007  4.023641235105560E-007
  4.023641235105549E-007  4.023641235105549E-007  4.023641235105549E-007
  4.023641235105549E-007  4.023641235105549E-007  4.023641235105549E-007
  4.023641235105549E-007  4.023641235105549E-007  4.023641235105549E-007
  4.023641235105549E-007  4.023641235105549E-007  4.023641235105549E-007
  1.362551236430698E-006  4.023641235097372E-007  4.023641235097369E-007
  4.023641235097350E-007  4.023641235097350E-007  4.023641235097372E-007
  4.023641235097372E-007  4.023641235097372E-007  4.023641235097372E-007
  4.023641235097372E-007  4.023641235097327E-007  4.023641235097327E-007
  4.023641235097327E-007  4.023641235097237E-007  4.023641235097327E-007
  1.362551236427923E-006  4.023641235089173E-007  4.023641235089164E-007
  4.023641235089173E-007  4.023641235089173E-007  4.023641235089196E-007
  4.023641235089151E-007  4.023641235089151E-007  4.023641235089196E-007
  4.023641235089151E-007  4.023641235089196E-007  4.023641235089196E-007
  4.023641235089196E-007  4.023641235089105E-007  4.023641235089196E-007
  1.362551236430698E-006  4.023641235097372E-007  4.023641235097369E-007
  4.023641235097350E-007  4.023641235097350E-007  4.023641235097372E-007
  4.023641235097372E-007  4.023641235097372E-007  4.023641235097372E-007
  4.023641235097372E-007  4.023641235097327E-007  4.023641235097327E-007
  4.023641235097327E-007  4.023641235097237E-007  4.023641235097327E-007
  1.362551236433474E-006  4.023641235105567E-007  4.023641235105560E-007
  4.023641235105549E-007  4.023641235105549E-007  4.023641235105549E-007
  4.023641235105549E-007  4.023641235105549E-007  4.023641235105549E-007
  4.023641235105549E-007  4.023641235105549E-007  4.023641235105549E-007
  4.023641235105549E-007  4.023641235105549E-007  4.023641235105549E-007
  1.362551236427923E-006  4.023641235089173E-007  4.023641235089164E-007
  4.023641235089173E-007  4.023641235089173E-007  4.023641235089196E-007
  4.023641235089151E-007  4.023641235089151E-007  4.023641235089196E-007
  4.023641235089151E-007  4.023641235089196E-007  4.023641235089196E-007
  4.023641235089196E-007  4.023641235089105E-007  4.023641235089196E-007
