  1.562500000000000E-005  4.614093959731540E-006  4.614093959731532E-006
  4.614093959731549E-006  4.614093959731531E-006  4.614093959731567E-006
  4.614093959731531E-006  4.614093959731486E-006  4.614093959731486E-006
  4.614093959731576E-006  4.614093959731576E-006  4.614093959731630E-006
  4.614093959731504E-006  4.614093959731504E-006  4.614093959731504E-006
  4.614093959731537E-006  1.362551236430774E-006  1.362551236430761E-006
  1.362551236430756E-006  1.362551236430738E-006  1.362551236430745E-006
  1.362551236430719E-006  1.362551236430685E-006  1.362551236430682E-006
  1.362551236430703E-006  1.362551236430700E-006  1.362551236430684E-006
  1.362551236430676E-006  1.362551236430647E-006  1.362551236430617E-006
  4.614093959731533E-006  1.362551236430803E-006  1.362551236430813E-006
  1.362551236430831E-006  1.362551236430845E-006  1.362551236430869E-006
  1.362551236430868E-006  1.362551236430869E-006  1.362551236430866E-006
  1.362551236430919E-006  1.362551236430938E-006  1.362551236430948E-006
  1.362551236430945E-006  1.362551236430969E-006  1.362551236430966E-006
  4.614093959731547E-006  1.362551236430804E-006  1.362551236430813E-006
  1.362551236430827E-006  1.362551236430829E-006  1.362551236430855E-006
  1.362551236430858E-006  1.362551236430845E-006  1.362551236430859E-006
  1.362551236430902E-006  1.362551236430917E-006  1.362551236430931E-006
  1.362551236430909E-006  1.362551236430937E-006  1.362551236430938E-006
  4.614093959731532E-006  1.362551236430793E-006  1.362551236430795E-006
  1.362551236430809E-006  1.362551236430803E-006  1.362551236430822E-006
  1.362551236430808E-006  1.362551236430799E-006  1.362551236430808E-006
  1.362551236430855E-006  1.362551236430864E-006  1.362551236430860E-006
  1.362551236430824E-006  1.362551236430860E-006  1.362551236430869E-006
  4.614093959731569E-006  1.362551236430820E-006  1.362551236430839E-006
  1.362551236430860E-006  1.362551236430874E-006  1.362551236430904E-006
  1.362551236430914E-006  1.362551236430910E-006  1.362551236430938E-006
  1.362551236430990E-006  1.362551236431004E-006  1.362551236431023E-006
  1.362551236431005E-006  1.362551236431025E-006  1.362551236431062E-006
  4.614093959731520E-006  1.362551236430774E-006  1.362551236430764E-006
  1.362551236430763E-006  1.362551236430747E-006  1.362551236430754E-006
  1.362551236430736E-006  1.362551236430702E-006  1.362551236430686E-006
  1.362551236430721E-006  1.362551236430719E-006  1.362551236430717E-006
  1.362551236430683E-006  1.362551236430681E-006  1.362551236430652E-006
  4.614093959731464E-006  1.362551236430727E-006  1.362551236430691E-006
  1.362551236430663E-006  1.362551236430634E-006  1.362551236430604E-006
  1.362551236430574E-006  1.362551236430514E-006  1.362551236430487E-006
  1.362551236430487E-006  1.362551236430459E-006  1.362551236430423E-006
  1.362551236430376E-006  1.362551236430339E-006  1.362551236430321E-006
  4.614093959731452E-006  1.362551236430689E-006  1.362551236430627E-006
  1.362551236430573E-006  1.362551236430507E-006  1.362551236430464E-006
  1.362551236430383E-006  1.362551236430314E-006  1.362551236430251E-006
  1.362551236430248E-006  1.362551236430180E-006  1.362551236430117E-006
  1.362551236430063E-006  1.362551236429981E-006  1.362551236429927E-006
  4.614093959731611E-006  1.362551236430869E-006  1.362551236430914E-006
  1.362551236430968E-006  1.362551236431009E-006  1.362551236431068E-006
  1.362551236431108E-006  1.362551236431136E-006  1.362551236431174E-006
  1.362551236431272E-006  1.362551236431323E-006  1.362551236431361E-006
  1.362551236431375E-006  1.362551236431454E-006  1.362551236431496E-006
  4.614093959731585E-006  1.362551236430778E-006  1.362551236430756E-006
  1.362551236430746E-006  1.362551236430720E-006  1.362551236430711E-006
  1.362551236430683E-006  1.362551236430633E-006  1.362551236430628E-006
  1.362551236430647E-006  1.362551236430629E-006  1.362551236430611E-006
  1.362551236430574E-006  1.362551236430542E-006  1.362551236430538E-006
  4.614093959731616E-006  1.362551236430810E-006  1.362551236430810E-006
  1.362551236430811E-006  1.362551236430810E-006  1.362551236430819E-006
  1.362551236430810E-006  1.362551236430791E-006  1.362551236430791E-006
  1.362551236430828E-006  1.362551236430828E-006  1.362551236430828E-006
  1.362551236430823E-006  1.362551236430823E-006  1.362551236430796E-006
  4.614093959731530E-006  1.362551236430852E-006  1.362551236430905E-006
  1.362551236430959E-006  1.362551236431013E-006  1.362551236431076E-006
  1.362551236431114E-006  1.362551236431152E-006  1.362551236431204E-006
  1.362551236431298E-006  1.362551236431350E-006  1.362551236431406E-006
  1.362551236431439E-006  1.362551236431500E-006  1.362551236431543E-006
  4.614093959731519E-006  1.362551236430714E-006  1.362551236430657E-006
  1.362551236430604E-006  1.362551236430540E-006  1.362551236430500E-006
  1.362551236430427E-006  1.362551236430348E-006  1.362551236430296E-006
  1.362551236430286E-006  1.362551236430221E-006  1.362551236430169E-006
  1.362551236430089E-006  1.362551236430028E-006  1.362551236429986E-006
  4.614093959731552E-006  1.362551236430957E-006  1.362551236431087E-006
  1.362551236431228E-006  1.362551236431360E-006  1.362551236431503E-006
  1.362551236431620E-006  1.362551236431737E-006  1.362551236431868E-006
  1.362551236432041E-006  1.362551236432172E-006  1.362551236432308E-006
  1.362551236432402E-006  1.362551236432551E-006  1.362551236432673E-006
  4.614093959731539E-006  1.362551236430789E-006  1.362551236430787E-006
  1.362551236430789E-006  1.362551236430784E-006  1.362551236430801E-006
  1.362551236430799E-006  1.362551236430772E-006  1.362551236430764E-006
  1.362551236430811E-006  1.362551236430816E-006  1.362551236430812E-006
  1.362551236430789E-006  1.362551236430808E-006  1.362551236430791E-006
  1.362551236430785E-006  4.023641235097422E-007  4.023641235097267E-007
  4.023641235097125E-007  4.023641235096954E-007  4.023641235096827E-007
  4.023641235096645E-007  4.023641235096445E-007  4.023641235096271E-007
  4.023641235096252E-007  4.023641235096101E-007  4.023641235095961E-007
  4.023641235095693E-007  4.023641235095598E-007  4.023641235095413E-007
  1.362551236430781E-006  4.023641235097689E-007  4.023641235097750E-007
  4.023641235097827E-007  4.023641235097870E-007  4.023641235097988E-007
  4.023641235097994E-007  4.023641235098015E-007  4.023641235098085E-007
  4.023641235098286E-007  4.023641235098334E-007  4.023641235098404E-007
  4.023641235098391E-007  4.023641235098506E-007  4.023641235098532E-007
  1.362551236430794E-006  4.023641235097681E-007  4.023641235097708E-007
  4.023641235097759E-007  4.023641235097773E-007  4.023641235097833E-007
  4.023641235097833E-007  4.023641235097814E-007  4.023641235097854E-007
  4.023641235098016E-007  4.023641235098013E-007  4.023641235098076E-007
  4.023641235098034E-007  4.023641235098098E-007  4.023641235098094E-007
  1.362551236430789E-006  4.023641235097770E-007  4.023641235097873E-007
  4.023641235098005E-007  4.023641235098093E-007  4.023641235098244E-007
  4.023641235098317E-007  4.023641235098382E-007  4.023641235098485E-007
  4.023641235098721E-007  4.023641235098835E-007  4.023641235098972E-007
  4.023641235099049E-007  4.023641235099096E-007  4.023641235099233E-007
  1.362551236430800E-006  4.023641235097738E-007  4.023641235097787E-007
  4.023641235097867E-007  4.023641235097899E-007  4.023641235098011E-007
  4.023641235098040E-007  4.023641235098016E-007  4.023641235098087E-007
  4.023641235098278E-007  4.023641235098371E-007  4.023641235098397E-007
  4.023641235098384E-007  4.023641235098432E-007  4.023641235098502E-007
  1.362551236430787E-006  4.023641235097797E-007  4.023641235097927E-007
  4.023641235098075E-007  4.023641235098211E-007  4.023641235098375E-007
  4.023641235098489E-007  4.023641235098574E-007  4.023641235098708E-007
  4.023641235098973E-007  4.023641235099118E-007  4.023641235099274E-007
  4.023641235099325E-007  4.023641235099436E-007  4.023641235099637E-007
  1.362551236430773E-006  4.023641235097967E-007  4.023641235098270E-007
  4.023641235098598E-007  4.023641235098893E-007  4.023641235099244E-007
  4.023641235099501E-007  4.023641235099773E-007  4.023641235100084E-007
  4.023641235100537E-007  4.023641235100858E-007  4.023641235101156E-007
  4.023641235101395E-007  4.023641235101694E-007  4.023641235102037E-007
  1.362551236430758E-006  4.023641235097349E-007  4.023641235097186E-007
  4.023641235097044E-007  4.023641235096881E-007  4.023641235096757E-007
  4.023641235096550E-007  4.023641235096369E-007  4.023641235096193E-007
  4.023641235096160E-007  4.023641235095971E-007  4.023641235095851E-007
  4.023641235095625E-007  4.023641235095483E-007  4.023641235095385E-007
  1.362551236430771E-006  4.023641235096813E-007  4.023641235096192E-007
  4.023641235095586E-007  4.023641235094963E-007  4.023641235094369E-007
  4.023641235093726E-007  4.023641235093064E-007  4.023641235092463E-007
  4.023641235091936E-007  4.023641235091390E-007  4.023641235090710E-007
  4.023641235090036E-007  4.023641235089445E-007  4.023641235088855E-007
  1.362551236430806E-006  4.023641235096601E-007  4.023641235095732E-007
  4.023641235094881E-007  4.023641235094003E-007  4.023641235093145E-007
  4.023641235092258E-007  4.023641235091340E-007  4.023641235090470E-007
  4.023641235089733E-007  4.023641235088830E-007  4.023641235088028E-007
  4.023641235087099E-007  4.023641235086184E-007  4.023641235085316E-007
  1.362551236430820E-006  4.023641235097389E-007  4.023641235097117E-007
  4.023641235096857E-007  4.023641235096569E-007  4.023641235096333E-007
  4.023641235096048E-007  4.023641235095709E-007  4.023641235095476E-007
  4.023641235095320E-007  4.023641235095053E-007  4.023641235094752E-007
  4.023641235094414E-007  4.023641235094159E-007  4.023641235093904E-007
  1.362551236430780E-006  4.023641235096717E-007  4.023641235095997E-007
  4.023641235095298E-007  4.023641235094573E-007  4.023641235093875E-007
  4.023641235093151E-007  4.023641235092374E-007  4.023641235091658E-007
  4.023641235091072E-007  4.023641235090322E-007  4.023641235089651E-007
  4.023641235088851E-007  4.023641235088157E-007  4.023641235087418E-007
  1.362551236430794E-006  4.023641235097636E-007  4.023641235097622E-007
  4.023641235097626E-007  4.023641235097598E-007  4.023641235097638E-007
  4.023641235097588E-007  4.023641235097532E-007  4.023641235097501E-007
  4.023641235097648E-007  4.023641235097607E-007  4.023641235097621E-007
  4.023641235097553E-007  4.023641235097569E-007  4.023641235097561E-007
  1.362551236430801E-006  4.023641235099070E-007  4.023641235100196E-007
  4.023641235101344E-007  4.023641235102467E-007  4.023641235103640E-007
  4.023641235104715E-007  4.023641235105804E-007  4.023641235106941E-007
  4.023641235108189E-007  4.023641235109315E-007  4.023641235110443E-007
  4.023641235111532E-007  4.023641235112636E-007  4.023641235113808E-007
  4.614093959731526E-006  1.362551236430776E-006  1.362551236430765E-006
  1.362551236430760E-006  1.362551236430755E-006  1.362551236430754E-006
  1.362551236430737E-006  1.362551236430706E-006  1.362551236430703E-006
  1.362551236430737E-006  1.362551236430733E-006  1.362551236430716E-006
  1.362551236430694E-006  1.362551236430691E-006  1.362551236430688E-006
  1.362551236430782E-006  4.023641235097690E-007  4.023641235097746E-007
  4.023641235097823E-007  4.023641235097879E-007  4.023641235097979E-007
  4.023641235097998E-007  4.023641235098007E-007  4.023641235098067E-007
  4.023641235098270E-007  4.023641235098318E-007  4.023641235098411E-007
  4.023641235098421E-007  4.023641235098492E-007  4.023641235098562E-007
  1.362551236430784E-006  4.023641235097645E-007  4.023641235097663E-007
  4.023641235097714E-007  4.023641235097712E-007  4.023641235097761E-007
  4.023641235097771E-007  4.023641235097741E-007  4.023641235097782E-007
  4.023641235097898E-007  4.023641235097929E-007  4.023641235097969E-007
  4.023641235097905E-007  4.023641235097923E-007  4.023641235097987E-007
  1.362551236430794E-006  4.023641235098047E-007  4.023641235098367E-007
  4.023641235098706E-007  4.023641235099030E-007  4.023641235099377E-007
  4.023641235099674E-007  4.023641235099930E-007  4.023641235100258E-007
  4.023641235100705E-007  4.023641235101022E-007  4.023641235101406E-007
  4.023641235101639E-007  4.023641235101956E-007  4.023641235102249E-007
  1.362551236430794E-006  4.023641235098896E-007  4.023641235099902E-007
  4.023641235100939E-007  4.023641235101927E-007  4.023641235102970E-007
  4.023641235103964E-007  4.023641235104917E-007  4.023641235105930E-007
  4.023641235107064E-007  4.023641235108089E-007  4.023641235109079E-007
  4.023641235110054E-007  4.023641235111068E-007  4.023641235112059E-007
  1.362551236430791E-006  4.023641235098110E-007  4.023641235098490E-007
  4.023641235098896E-007  4.023641235099273E-007  4.023641235099657E-007
  4.023641235100049E-007  4.023641235100376E-007  4.023641235100752E-007
  4.023641235101238E-007  4.023641235101625E-007  4.023641235102047E-007
  4.023641235102363E-007  4.023641235102739E-007  4.023641235103115E-007
  1.362551236430788E-006  4.023641235097479E-007  4.023641235097349E-007
  4.023641235097245E-007  4.023641235097110E-007  4.023641235097014E-007
  4.023641235096882E-007  4.023641235096685E-007  4.023641235096571E-007
  4.023641235096578E-007  4.023641235096452E-007  4.023641235096315E-007
  4.023641235096141E-007  4.023641235096027E-007  4.023641235095913E-007
  1.362551236430777E-006  4.023641235098659E-007  4.023641235099512E-007
  4.023641235100399E-007  4.023641235101230E-007  4.023641235102123E-007
  4.023641235102962E-007  4.023641235103770E-007  4.023641235104616E-007
  4.023641235105584E-007  4.023641235106430E-007  4.023641235107321E-007
  4.023641235108107E-007  4.023641235108953E-007  4.023641235109867E-007
  1.362551236430782E-006  4.023641235098959E-007  4.023641235100044E-007
  4.023641235101157E-007  4.023641235102232E-007  4.023641235103381E-007
  4.023641235104412E-007  4.023641235105446E-007  4.023641235106542E-007
  4.023641235107769E-007  4.023641235108865E-007  4.023641235109961E-007
  4.023641235110996E-007  4.023641235112068E-007  4.023641235113164E-007
  1.362551236430814E-006  4.023641235097364E-007  4.023641235097085E-007
  4.023641235096821E-007  4.023641235096533E-007  4.023641235096277E-007
  4.023641235095990E-007  4.023641235095650E-007  4.023641235095383E-007
  4.023641235095246E-007  4.023641235094944E-007  4.023641235094687E-007
  4.023641235094370E-007  4.023641235094068E-007  4.023641235093811E-007
  1.362551236430760E-006  4.023641235095243E-007  4.023641235093382E-007
  4.023641235091543E-007  4.023641235089674E-007  4.023641235087826E-007
  4.023641235085985E-007  4.023641235084059E-007  4.023641235082192E-007
  4.023641235080469E-007  4.023641235078614E-007  4.023641235076781E-007
  4.023641235074865E-007  4.023641235073010E-007  4.023641235071110E-007
  1.362551236430764E-006  4.023641235096870E-007  4.023641235096303E-007
  4.023641235095777E-007  4.023641235095199E-007  4.023641235094667E-007
  4.023641235094098E-007  4.023641235093487E-007  4.023641235092937E-007
  4.023641235092484E-007  4.023641235091944E-007  4.023641235091394E-007
  4.023641235090806E-007  4.023641235090210E-007  4.023641235089704E-007
  1.362551236430729E-006  4.023641235094971E-007  4.023641235092963E-007
  4.023641235090989E-007  4.023641235088956E-007  4.023641235087002E-007
  4.023641235084949E-007  4.023641235082911E-007  4.023641235080899E-007
  4.023641235079007E-007  4.023641235076996E-007  4.023641235075028E-007
  4.023641235072934E-007  4.023641235070921E-007  4.023641235068955E-007
  1.362551236430761E-006  4.023641235095350E-007  4.023641235093562E-007
  4.023641235091819E-007  4.023641235090026E-007  4.023641235088261E-007
  4.023641235086487E-007  4.023641235084626E-007  4.023641235082849E-007
  4.023641235081180E-007  4.023641235079413E-007  4.023641235077657E-007
  4.023641235075819E-007  4.023641235074019E-007  4.023641235072218E-007
  1.362551236430798E-006  4.023641235098001E-007  4.023641235098272E-007
  4.023641235098572E-007  4.023641235098829E-007  4.023641235099127E-007
  4.023641235099364E-007  4.023641235099628E-007  4.023641235099885E-007
  4.023641235100295E-007  4.023641235100597E-007  4.023641235100830E-007
  4.023641235101094E-007  4.023641235101372E-007  4.023641235101606E-007
  4.614093959731547E-006  1.362551236430808E-006  1.362551236430819E-006
  1.362551236430837E-006  1.362551236430846E-006  1.362551236430870E-006
  1.362551236430866E-006  1.362551236430864E-006  1.362551236430881E-006
  1.362551236430926E-006  1.362551236430948E-006  1.362551236430956E-006
  1.362551236430968E-006  1.362551236430971E-006  1.362551236430974E-006
  1.362551236430788E-006  4.023641235097579E-007  4.023641235097532E-007
  4.023641235097492E-007  4.023641235097456E-007  4.023641235097448E-007
  4.023641235097375E-007  4.023641235097270E-007  4.023641235097228E-007
  4.023641235097304E-007  4.023641235097261E-007  4.023641235097218E-007
  4.023641235097137E-007  4.023641235097093E-007  4.023641235097026E-007
  1.362551236430780E-006  4.023641235097509E-007  4.023641235097429E-007
  4.023641235097375E-007  4.023641235097282E-007  4.023641235097219E-007
  4.023641235097116E-007  4.023641235096984E-007  4.023641235096935E-007
  4.023641235096961E-007  4.023641235096912E-007  4.023641235096840E-007
  4.023641235096685E-007  4.023641235096635E-007  4.023641235096542E-007
  1.362551236430810E-006  4.023641235099100E-007  4.023641235100236E-007
  4.023641235101393E-007  4.023641235102521E-007  4.023641235103688E-007
  4.023641235104812E-007  4.023641235105871E-007  4.023641235107026E-007
  4.023641235108254E-007  4.023641235109431E-007  4.023641235110573E-007
  4.023641235111656E-007  4.023641235112821E-007  4.023641235113918E-007
  1.362551236430762E-006  4.023641235097225E-007  4.023641235096961E-007
  4.023641235096713E-007  4.023641235096445E-007  4.023641235096216E-007
  4.023641235095923E-007  4.023641235095609E-007  4.023641235095334E-007
  4.023641235095203E-007  4.023641235094905E-007  4.023641235094686E-007
  4.023641235094361E-007  4.023641235094121E-007  4.023641235093834E-007
  1.362551236430780E-006  4.023641235097075E-007  4.023641235096649E-007
  4.023641235096241E-007  4.023641235095814E-007  4.023641235095449E-007
  4.023641235094962E-007  4.023641235094502E-007  4.023641235094056E-007
  4.023641235093787E-007  4.023641235093353E-007  4.023641235092941E-007
  4.023641235092424E-007  4.023641235092057E-007  4.023641235091623E-007
  1.362551236430787E-006  4.023641235096986E-007  4.023641235096467E-007
  4.023641235095972E-007  4.023641235095434E-007  4.023641235094969E-007
  4.023641235094404E-007  4.023641235093843E-007  4.023641235093319E-007
  4.023641235092940E-007  4.023641235092416E-007  4.023641235091892E-007
  4.023641235091308E-007  4.023641235090785E-007  4.023641235090329E-007
  1.362551236430782E-006  4.023641235095605E-007  4.023641235093977E-007
  4.023641235092359E-007  4.023641235090731E-007  4.023641235089160E-007
  4.023641235087489E-007  4.023641235085811E-007  4.023641235084181E-007
  4.023641235082684E-007  4.023641235081054E-007  4.023641235079458E-007
  4.023641235077735E-007  4.023641235076161E-007  4.023641235074453E-007
  1.362551236430766E-006  4.023641235096366E-007  4.023641235095393E-007
  4.023641235094439E-007  4.023641235093457E-007  4.023641235092531E-007
  4.023641235091518E-007  4.023641235090486E-007  4.023641235089524E-007
  4.023641235088685E-007  4.023641235087724E-007  4.023641235086706E-007
  4.023641235085741E-007  4.023641235084747E-007  4.023641235083752E-007
  1.362551236430782E-006  4.023641235095362E-007  4.023641235093539E-007
  4.023641235091741E-007  4.023641235089901E-007  4.023641235088118E-007
  4.023641235086297E-007  4.023641235084412E-007  4.023641235082610E-007
  4.023641235080895E-007  4.023641235079104E-007  4.023641235077257E-007
  4.023641235075417E-007  4.023641235073569E-007  4.023641235071767E-007
  1.362551236430762E-006  4.023641235098481E-007  4.023641235099229E-007
  4.023641235099993E-007  4.023641235100740E-007  4.023641235101520E-007
  4.023641235102253E-007  4.023641235102932E-007  4.023641235103706E-007
  4.023641235104566E-007  4.023641235105340E-007  4.023641235106079E-007
  4.023641235106759E-007  4.023641235107521E-007  4.023641235108260E-007
  1.362551236430858E-006  4.023641235099307E-007  4.023641235100480E-007
  4.023641235101684E-007  4.023641235102856E-007  4.023641235104072E-007
  4.023641235105256E-007  4.023641235106366E-007  4.023641235107558E-007
  4.023641235108847E-007  4.023641235110062E-007  4.023641235111243E-007
  4.023641235112364E-007  4.023641235113544E-007  4.023641235114748E-007
  1.362551236430835E-006  4.023641235100866E-007  4.023641235103359E-007
  4.023641235105880E-007  4.023641235108363E-007  4.023641235110903E-007
  4.023641235113350E-007  4.023641235115801E-007  4.023641235118311E-007
  4.023641235120942E-007  4.023641235123464E-007  4.023641235125929E-007
  4.023641235128357E-007  4.023641235130868E-007  4.023641235133356E-007
  1.362551236430823E-006  4.023641235097537E-007  4.023641235097376E-007
  4.023641235097242E-007  4.023641235097069E-007  4.023641235096962E-007
  4.023641235096756E-007  4.023641235096542E-007  4.023641235096400E-007
  4.023641235096378E-007  4.023641235096236E-007  4.023641235096037E-007
  4.023641235095845E-007  4.023641235095692E-007  4.023641235095538E-007
  1.362551236430753E-006  4.023641235094697E-007  4.023641235092410E-007
  4.023641235090136E-007  4.023641235087848E-007  4.023641235085594E-007
  4.023641235083298E-007  4.023641235080937E-007  4.023641235078637E-007
  4.023641235076502E-007  4.023641235074202E-007  4.023641235071957E-007
  4.023641235069608E-007  4.023641235067296E-007  4.023641235065029E-007
  4.614093959731527E-006  1.362551236430788E-006  1.362551236430787E-006
  1.362551236430799E-006  1.362551236430796E-006  1.362551236430811E-006
  1.362551236430815E-006  1.362551236430791E-006  1.362551236430795E-006
  1.362551236430827E-006  1.362551236430831E-006  1.362551236430840E-006
  1.362551236430839E-006  1.362551236430825E-006  1.362551236430820E-006
  1.362551236430781E-006  4.023641235097222E-007  4.023641235096906E-007
  4.023641235096617E-007  4.023641235096300E-007  4.023641235096012E-007
  4.023641235095675E-007  4.023641235095296E-007  4.023641235095000E-007
  4.023641235094814E-007  4.023641235094484E-007  4.023641235094166E-007
  4.023641235093833E-007  4.023641235093537E-007  4.023641235093241E-007
  1.362551236430784E-006  4.023641235097680E-007  4.023641235097732E-007
  4.023641235097795E-007  4.023641235097828E-007  4.023641235097935E-007
  4.023641235097952E-007  4.023641235097929E-007  4.023641235097978E-007
  4.023641235098157E-007  4.023641235098206E-007  4.023641235098265E-007
  4.023641235098242E-007  4.023641235098301E-007  4.023641235098338E-007
  1.362551236430778E-006  4.023641235097406E-007  4.023641235097246E-007
  4.023641235097116E-007  4.023641235096946E-007  4.023641235096815E-007
  4.023641235096634E-007  4.023641235096412E-007  4.023641235096274E-007
  4.023641235096233E-007  4.023641235096128E-007  4.023641235095910E-007
  4.023641235095678E-007  4.023641235095550E-007  4.023641235095400E-007
  1.362551236430778E-006  4.023641235098783E-007  4.023641235099737E-007
  4.023641235100714E-007  4.023641235101655E-007  4.023641235102647E-007
  4.023641235103561E-007  4.023641235104480E-007  4.023641235105448E-007
  4.023641235106545E-007  4.023641235107502E-007  4.023641235108480E-007
  4.023641235109353E-007  4.023641235110287E-007  4.023641235111288E-007
  1.362551236430791E-006  4.023641235098042E-007  4.023641235098370E-007
  4.023641235098716E-007  4.023641235099046E-007  4.023641235099404E-007
  4.023641235099719E-007  4.023641235099970E-007  4.023641235100327E-007
  4.023641235100781E-007  4.023641235101092E-007  4.023641235101416E-007
  4.023641235101723E-007  4.023641235102045E-007  4.023641235102390E-007
  1.362551236430817E-006  4.023641235099542E-007  4.023641235101012E-007
  4.023641235102504E-007  4.023641235103976E-007  4.023641235105489E-007
  4.023641235106970E-007  4.023641235108352E-007  4.023641235109851E-007
  4.023641235111449E-007  4.023641235112902E-007  4.023641235114402E-007
  4.023641235115818E-007  4.023641235117295E-007  4.023641235118795E-007
  1.362551236430720E-006  4.023641235097693E-007  4.023641235097906E-007
  4.023641235098153E-007  4.023641235098347E-007  4.023641235098598E-007
  4.023641235098788E-007  4.023641235098960E-007  4.023641235099169E-007
  4.023641235099521E-007  4.023641235099686E-007  4.023641235099974E-007
  4.023641235100112E-007  4.023641235100333E-007  4.023641235100576E-007
  1.362551236430753E-006  4.023641235095705E-007  4.023641235094229E-007
  4.023641235092785E-007  4.023641235091289E-007  4.023641235089856E-007
  4.023641235088339E-007  4.023641235086837E-007  4.023641235085361E-007
  4.023641235084018E-007  4.023641235082542E-007  4.023641235081123E-007
  4.023641235079553E-007  4.023641235078133E-007  4.023641235076602E-007
  1.362551236430821E-006  4.023641235098572E-007  4.023641235099249E-007
  4.023641235099962E-007  4.023641235100620E-007  4.023641235101340E-007
  4.023641235102011E-007  4.023641235102629E-007  4.023641235103330E-007
  4.023641235104118E-007  4.023641235104796E-007  4.023641235105452E-007
  4.023641235106138E-007  4.023641235106793E-007  4.023641235107494E-007
  1.362551236430788E-006  4.023641235098633E-007  4.023641235099440E-007
  4.023641235100264E-007  4.023641235101062E-007  4.023641235101921E-007
  4.023641235102676E-007  4.023641235103444E-007  4.023641235104285E-007
  4.023641235105179E-007  4.023641235106008E-007  4.023641235106814E-007
  4.023641235107583E-007  4.023641235108345E-007  4.023641235109174E-007
  1.362551236430764E-006  4.023641235096736E-007  4.023641235096068E-007
  4.023641235095415E-007  4.023641235094747E-007  4.023641235094107E-007
  4.023641235093429E-007  4.023641235092687E-007  4.023641235092040E-007
  4.023641235091501E-007  4.023641235090797E-007  4.023641235090195E-007
  4.023641235089441E-007  4.023641235088838E-007  4.023641235088168E-007
  1.362551236430787E-006  4.023641235095275E-007  4.023641235093374E-007
  4.023641235091495E-007  4.023641235089577E-007  4.023641235087715E-007
  4.023641235085788E-007  4.023641235083842E-007  4.023641235081944E-007
  4.023641235080168E-007  4.023641235078282E-007  4.023641235076373E-007
  4.023641235074449E-007  4.023641235072541E-007  4.023641235070610E-007
  1.362551236430823E-006  4.023641235093549E-007  4.023641235090162E-007
  4.023641235086811E-007  4.023641235083421E-007  4.023641235080059E-007
  4.023641235076660E-007  4.023641235073208E-007  4.023641235069873E-007
  4.023641235066612E-007  4.023641235063221E-007  4.023641235059806E-007
  4.023641235056400E-007  4.023641235053053E-007  4.023641235049661E-007
  1.362551236430737E-006  4.023641235095573E-007  4.023641235094026E-007
  4.023641235092513E-007  4.023641235090958E-007  4.023641235089437E-007
  4.023641235087908E-007  4.023641235086301E-007  4.023641235084757E-007
  4.023641235083355E-007  4.023641235081843E-007  4.023641235080230E-007
  4.023641235078715E-007  4.023641235077170E-007  4.023641235075602E-007
  4.614093959731532E-006  1.362551236430810E-006  1.362551236430829E-006
  1.362551236430853E-006  1.362551236430869E-006  1.362551236430898E-006
  1.362551236430906E-006  1.362551236430900E-006  1.362551236430926E-006
  1.362551236430985E-006  1.362551236431007E-006  1.362551236431029E-006
  1.362551236431036E-006  1.362551236431040E-006  1.362551236431070E-006
  1.362551236430780E-006  4.023641235097797E-007  4.023641235097952E-007
  4.023641235098125E-007  4.023641235098267E-007  4.023641235098454E-007
  4.023641235098581E-007  4.023641235098699E-007  4.023641235098834E-007
  4.023641235099146E-007  4.023641235099291E-007  4.023641235099470E-007
  4.023641235099544E-007  4.023641235099701E-007  4.023641235099881E-007
  1.362551236430798E-006  4.023641235098710E-007  4.023641235099557E-007
  4.023641235100425E-007  4.023641235101260E-007  4.023641235102142E-007
  4.023641235102968E-007  4.023641235103765E-007  4.023641235104611E-007
  4.023641235105588E-007  4.023641235106434E-007  4.023641235107303E-007
  4.023641235108087E-007  4.023641235108955E-007  4.023641235109779E-007
  1.362551236430780E-006  4.023641235097543E-007  4.023641235097484E-007
  4.023641235097461E-007  4.023641235097388E-007  4.023641235097355E-007
  4.023641235097301E-007  4.023641235097205E-007  4.023641235097136E-007
  4.023641235097221E-007  4.023641235097186E-007  4.023641235097128E-007
  4.023641235097009E-007  4.023641235096952E-007  4.023641235096916E-007
  1.362551236430778E-006  4.023641235097727E-007  4.023641235097828E-007
  4.023641235097950E-007  4.023641235098043E-007  4.023641235098170E-007
  4.023641235098259E-007  4.023641235098285E-007  4.023641235098416E-007
  4.023641235098634E-007  4.023641235098753E-007  4.023641235098839E-007
  4.023641235098932E-007  4.023641235099041E-007  4.023641235099081E-007
  1.362551236430793E-006  4.023641235097189E-007  4.023641235096823E-007
  4.023641235096486E-007  4.023641235096099E-007  4.023641235095747E-007
  4.023641235095391E-007  4.023641235094949E-007  4.023641235094611E-007
  4.023641235094348E-007  4.023641235093988E-007  4.023641235093651E-007
  4.023641235093208E-007  4.023641235092871E-007  4.023641235092488E-007
  1.362551236430815E-006  4.023641235101655E-007  4.023641235104831E-007
  4.023641235108036E-007  4.023641235111211E-007  4.023641235114431E-007
  4.023641235117580E-007  4.023641235120709E-007  4.023641235123887E-007
  4.023641235127198E-007  4.023641235130400E-007  4.023641235133623E-007
  4.023641235136719E-007  4.023641235139897E-007  4.023641235143099E-007
  1.362551236430777E-006  4.023641235097600E-007  4.023641235097601E-007
  4.023641235097619E-007  4.023641235097608E-007  4.023641235097643E-007
  4.023641235097635E-007  4.023641235097585E-007  4.023641235097573E-007
  4.023641235097704E-007  4.023641235097692E-007  4.023641235097736E-007
  4.023641235097676E-007  4.023641235097630E-007  4.023641235097674E-007
  1.362551236430753E-006  4.023641235097816E-007  4.023641235098049E-007
  4.023641235098312E-007  4.023641235098523E-007  4.023641235098807E-007
  4.023641235099020E-007  4.023641235099191E-007  4.023641235099411E-007
  4.023641235099786E-007  4.023641235099995E-007  4.023641235100317E-007
  4.023641235100465E-007  4.023641235100697E-007  4.023641235100951E-007
  1.362551236430817E-006  4.023641235100809E-007  4.023641235103297E-007
  4.023641235105821E-007  4.023641235108298E-007  4.023641235110831E-007
  4.023641235113309E-007  4.023641235115757E-007  4.023641235118277E-007
  4.023641235120883E-007  4.023641235123380E-007  4.023641235125878E-007
  4.023641235128315E-007  4.023641235130789E-007  4.023641235133332E-007
  1.362551236430738E-006  4.023641235094384E-007  4.023641235091884E-007
  4.023641235089406E-007  4.023641235086886E-007  4.023641235084429E-007
  4.023641235081888E-007  4.023641235079363E-007  4.023641235076864E-007
  4.023641235074475E-007  4.023641235071998E-007  4.023641235069499E-007
  4.023641235066940E-007  4.023641235064418E-007  4.023641235061920E-007
  1.362551236430775E-006  4.023641235097160E-007  4.023641235096817E-007
  4.023641235096488E-007  4.023641235096137E-007  4.023641235095819E-007
  4.023641235095459E-007  4.023641235095057E-007  4.023641235094693E-007
  4.023641235094472E-007  4.023641235094142E-007  4.023641235093835E-007
  4.023641235093421E-007  4.023641235093113E-007  4.023641235092715E-007
  1.362551236430780E-006  4.023641235099083E-007  4.023641235100279E-007
  4.023641235101483E-007  4.023641235102687E-007  4.023641235103896E-007
  4.023641235105085E-007  4.023641235106221E-007  4.023641235107417E-007
  4.023641235108745E-007  4.023641235109998E-007  4.023641235111206E-007
  4.023641235112262E-007  4.023641235113469E-007  4.023641235114677E-007
  1.362551236430819E-006  4.023641235101735E-007  4.023641235104964E-007
  4.023641235108225E-007  4.023641235111459E-007  4.023641235114738E-007
  4.023641235117940E-007  4.023641235121134E-007  4.023641235124366E-007
  4.023641235127741E-007  4.023641235130995E-007  4.023641235134239E-007
  4.023641235137376E-007  4.023641235140620E-007  4.023641235143840E-007
  1.362551236430733E-006  4.023641235095432E-007  4.023641235093780E-007
  4.023641235092155E-007  4.023641235090497E-007  4.023641235088890E-007
  4.023641235087228E-007  4.023641235085514E-007  4.023641235083870E-007
  4.023641235082360E-007  4.023641235080785E-007  4.023641235079051E-007
  4.023641235077348E-007  4.023641235075749E-007  4.023641235074085E-007
  4.614093959731532E-006  1.362551236430810E-006  1.362551236430827E-006
  1.362551236430850E-006  1.362551236430866E-006  1.362551236430897E-006
  1.362551236430901E-006  1.362551236430899E-006  1.362551236430916E-006
  1.362551236430989E-006  1.362551236431006E-006  1.362551236431014E-006
  1.362551236431013E-006  1.362551236431035E-006  1.362551236431066E-006
  1.362551236430796E-006  4.023641235098342E-007  4.023641235098896E-007
  4.023641235099468E-007  4.023641235100016E-007  4.023641235100599E-007
  4.023641235101121E-007  4.023641235101636E-007  4.023641235102199E-007
  4.023641235102871E-007  4.023641235103413E-007  4.023641235103999E-007
  4.023641235104502E-007  4.023641235105088E-007  4.023641235105606E-007
  1.362551236430769E-006  4.023641235097042E-007  4.023641235096609E-007
  4.023641235096195E-007  4.023641235095750E-007  4.023641235095379E-007
  4.023641235094913E-007  4.023641235094406E-007  4.023641235093983E-007
  4.023641235093691E-007  4.023641235093256E-007  4.023641235092843E-007
  4.023641235092347E-007  4.023641235091912E-007  4.023641235091455E-007
  1.362551236430806E-006  4.023641235097495E-007  4.023641235097323E-007
  4.023641235097198E-007  4.023641235097022E-007  4.023641235096901E-007
  4.023641235096719E-007  4.023641235096497E-007  4.023641235096346E-007
  4.023641235096338E-007  4.023641235096164E-007  4.023641235096024E-007
  4.023641235095802E-007  4.023641235095639E-007  4.023641235095500E-007
  1.362551236430863E-006  4.023641235100955E-007  4.023641235103449E-007
  4.023641235105967E-007  4.023641235108465E-007  4.023641235110996E-007
  4.023641235113484E-007  4.023641235115942E-007  4.023641235118448E-007
  4.023641235121065E-007  4.023641235123572E-007  4.023641235126067E-007
  4.023641235128547E-007  4.023641235131021E-007  4.023641235133562E-007
  1.362551236430791E-006  4.023641235096986E-007  4.023641235096463E-007
  4.023641235095957E-007  4.023641235095420E-007  4.023641235094917E-007
  4.023641235094370E-007  4.023641235093805E-007  4.023641235093278E-007
  4.023641235092882E-007  4.023641235092366E-007  4.023641235091849E-007
  4.023641235091251E-007  4.023641235090735E-007  4.023641235090241E-007
  1.362551236430757E-006  4.023641235095066E-007  4.023641235093074E-007
  4.023641235091098E-007  4.023641235089100E-007  4.023641235087142E-007
  4.023641235085146E-007  4.023641235083086E-007  4.023641235081075E-007
  4.023641235079218E-007  4.023641235077252E-007  4.023641235075219E-007
  4.023641235073215E-007  4.023641235071226E-007  4.023641235069238E-007
  1.362551236430774E-006  4.023641235095479E-007  4.023641235093770E-007
  4.023641235092082E-007  4.023641235090359E-007  4.023641235088686E-007
  4.023641235086948E-007  4.023641235085202E-007  4.023641235083505E-007
  4.023641235081917E-007  4.023641235080209E-007  4.023641235078512E-007
  4.023641235076777E-007  4.023641235075057E-007  4.023641235073382E-007
  1.362551236430749E-006  4.023641235097545E-007  4.023641235097562E-007
  4.023641235097596E-007  4.023641235097607E-007  4.023641235097693E-007
  4.023641235097668E-007  4.023641235097634E-007  4.023641235097672E-007
  4.023641235097820E-007  4.023641235097802E-007  4.023641235097852E-007
  4.023641235097841E-007  4.023641235097891E-007  4.023641235097895E-007
  1.362551236430694E-006  4.023641235095684E-007  4.023641235094341E-007
  4.023641235093011E-007  4.023641235091650E-007  4.023641235090362E-007
  4.023641235088997E-007  4.023641235087578E-007  4.023641235086232E-007
  4.023641235085028E-007  4.023641235083693E-007  4.023641235082301E-007
  4.023641235080916E-007  4.023641235079593E-007  4.023641235078269E-007
  1.362551236430847E-006  4.023641235098674E-007  4.023641235099370E-007
  4.023641235100093E-007  4.023641235100787E-007  4.023641235101499E-007
  4.023641235102214E-007  4.023641235102852E-007  4.023641235103540E-007
  4.023641235104382E-007  4.023641235105092E-007  4.023641235105802E-007
  4.023641235106475E-007  4.023641235107140E-007  4.023641235107828E-007
  1.362551236430880E-006  4.023641235101177E-007  4.023641235103815E-007
  4.023641235106481E-007  4.023641235109109E-007  4.023641235111803E-007
  4.023641235114433E-007  4.023641235117008E-007  4.023641235119657E-007
  4.023641235122414E-007  4.023641235125073E-007  4.023641235127721E-007
  4.023641235130308E-007  4.023641235132911E-007  4.023641235135605E-007
  1.362551236430783E-006  4.023641235095001E-007  4.023641235092884E-007
  4.023641235090789E-007  4.023641235088666E-007  4.023641235086588E-007
  4.023641235084461E-007  4.023641235082293E-007  4.023641235080174E-007
  4.023641235078164E-007  4.023641235076113E-007  4.023641235073960E-007
  4.023641235071791E-007  4.023641235069705E-007  4.023641235067620E-007
  1.362551236430700E-006  4.023641235097146E-007  4.023641235096967E-007
  4.023641235096810E-007  4.023641235096618E-007  4.023641235096483E-007
  4.023641235096276E-007  4.023641235096027E-007  4.023641235095862E-007
  4.023641235095817E-007  4.023641235095640E-007  4.023641235095451E-007
  4.023641235095203E-007  4.023641235095037E-007  4.023641235094871E-007
  1.362551236430860E-006  4.023641235100427E-007  4.023641235102516E-007
  4.023641235104633E-007  4.023641235106712E-007  4.023641235108819E-007
  4.023641235110898E-007  4.023641235112904E-007  4.023641235115025E-007
  4.023641235117234E-007  4.023641235119322E-007  4.023641235121443E-007
  4.023641235123437E-007  4.023641235125582E-007  4.023641235127681E-007
  4.614093959731532E-006  1.362551236430785E-006  1.362551236430780E-006
  1.362551236430785E-006  1.362551236430780E-006  1.362551236430788E-006
  1.362551236430778E-006  1.362551236430751E-006  1.362551236430752E-006
  1.362551236430791E-006  1.362551236430792E-006  1.362551236430788E-006
  1.362551236430776E-006  1.362551236430754E-006  1.362551236430769E-006
  1.362551236430794E-006  4.023641235097742E-007  4.023641235097815E-007
  4.023641235097917E-007  4.023641235097964E-007  4.023641235098084E-007
  4.023641235098127E-007  4.023641235098150E-007  4.023641235098235E-007
  4.023641235098428E-007  4.023641235098535E-007  4.023641235098608E-007
  4.023641235098575E-007  4.023641235098694E-007  4.023641235098767E-007
  1.362551236430798E-006  4.023641235098219E-007  4.023641235098665E-007
  4.023641235099125E-007  4.023641235099559E-007  4.023641235100066E-007
  4.023641235100462E-007  4.023641235100861E-007  4.023641235101344E-007
  4.023641235101890E-007  4.023641235102339E-007  4.023641235102798E-007
  4.023641235103220E-007  4.023641235103680E-007  4.023641235104072E-007
  1.362551236430837E-006  4.023641235099827E-007  4.023641235101484E-007
  4.023641235103164E-007  4.023641235104800E-007  4.023641235106497E-007
  4.023641235108129E-007  4.023641235109730E-007  4.023641235111381E-007
  4.023641235113163E-007  4.023641235114848E-007  4.023641235116521E-007
  4.023641235118066E-007  4.023641235119761E-007  4.023641235121413E-007
  1.362551236430811E-006  4.023641235099012E-007  4.023641235100073E-007
  4.023641235101160E-007  4.023641235102200E-007  4.023641235103290E-007
  4.023641235104343E-007  4.023641235105377E-007  4.023641235106426E-007
  4.023641235107607E-007  4.023641235108645E-007  4.023641235109705E-007
  4.023641235110728E-007  4.023641235111811E-007  4.023641235112872E-007
  1.362551236430789E-006  4.023641235096982E-007  4.023641235096456E-007
  4.023641235095947E-007  4.023641235095417E-007  4.023641235094926E-007
  4.023641235094358E-007  4.023641235093805E-007  4.023641235093267E-007
  4.023641235092872E-007  4.023641235092380E-007  4.023641235091808E-007
  4.023641235091288E-007  4.023641235090739E-007  4.023641235090168E-007
  1.362551236430699E-006  4.023641235092783E-007  4.023641235089087E-007
  4.023641235085399E-007  4.023641235081691E-007  4.023641235078022E-007
  4.023641235074293E-007  4.023641235070533E-007  4.023641235066857E-007
  4.023641235063278E-007  4.023641235059568E-007  4.023641235055914E-007
  4.023641235052132E-007  4.023641235048409E-007  4.023641235044733E-007
  1.362551236430712E-006  4.023641235095029E-007  4.023641235093112E-007
  4.023641235091214E-007  4.023641235089269E-007  4.023641235087404E-007
  4.023641235085466E-007  4.023641235083476E-007  4.023641235081557E-007
  4.023641235079760E-007  4.023641235077875E-007  4.023641235075912E-007
  4.023641235073955E-007  4.023641235072083E-007  4.023641235070164E-007
  1.362551236430749E-006  4.023641235093313E-007  4.023641235089913E-007
  4.023641235086546E-007  4.023641235083128E-007  4.023641235079796E-007
  4.023641235076375E-007  4.023641235072913E-007  4.023641235069533E-007
  4.023641235066251E-007  4.023641235062849E-007  4.023641235059481E-007
  4.023641235056053E-007  4.023641235052639E-007  4.023641235049226E-007
  1.362551236430926E-006  4.023641235100466E-007  4.023641235102431E-007
  4.023641235104411E-007  4.023641235106354E-007  4.023641235108353E-007
  4.023641235110285E-007  4.023641235112199E-007  4.023641235114174E-007
  4.023641235116280E-007  4.023641235118255E-007  4.023641235120184E-007
  4.023641235122120E-007  4.023641235124072E-007  4.023641235126046E-007
  1.362551236430850E-006  4.023641235102914E-007  4.023641235107027E-007
  4.023641235111169E-007  4.023641235115263E-007  4.023641235119432E-007
  4.023641235123505E-007  4.023641235127583E-007  4.023641235131710E-007
  4.023641235135945E-007  4.023641235140083E-007  4.023641235144210E-007
  4.023641235148253E-007  4.023641235152380E-007  4.023641235156461E-007
  1.362551236430764E-006  4.023641235096605E-007  4.023641235095828E-007
  4.023641235095085E-007  4.023641235094291E-007  4.023641235093549E-007
  4.023641235092785E-007  4.023641235091948E-007  4.023641235091158E-007
  4.023641235090501E-007  4.023641235089734E-007  4.023641235088990E-007
  4.023641235088163E-007  4.023641235087418E-007  4.023641235086652E-007
  1.362551236430671E-006  4.023641235094800E-007  4.023641235092796E-007
  4.023641235090805E-007  4.023641235088783E-007  4.023641235086824E-007
  4.023641235084793E-007  4.023641235082733E-007  4.023641235080709E-007
  4.023641235078841E-007  4.023641235076885E-007  4.023641235074873E-007
  4.023641235072801E-007  4.023641235070788E-007  4.023641235068776E-007
  1.362551236430588E-006  4.023641235092586E-007  4.023641235088995E-007
  4.023641235085424E-007  4.023641235081811E-007  4.023641235078249E-007
  4.023641235074644E-007  4.023641235070985E-007  4.023641235067410E-007
  4.023641235063933E-007  4.023641235060357E-007  4.023641235056748E-007
  4.023641235053101E-007  4.023641235049538E-007  4.023641235045951E-007
  1.362551236430744E-006  4.023641235096121E-007  4.023641235095010E-007
  4.023641235093908E-007  4.023641235092793E-007  4.023641235091717E-007
  4.023641235090581E-007  4.023641235089403E-007  4.023641235088297E-007
  4.023641235087311E-007  4.023641235086217E-007  4.023641235085111E-007
  4.023641235083921E-007  4.023641235082839E-007  4.023641235081732E-007
  4.614093959731461E-006  1.362551236430743E-006  1.362551236430718E-006
  1.362551236430706E-006  1.362551236430683E-006  1.362551236430671E-006
  1.362551236430646E-006  1.362551236430603E-006  1.362551236430592E-006
  1.362551236430619E-006  1.362551236430599E-006  1.362551236430579E-006
  1.362551236430532E-006  1.362551236430512E-006  1.362551236430483E-006
  1.362551236430767E-006  4.023641235097237E-007  4.023641235096976E-007
  4.023641235096718E-007  4.023641235096456E-007  4.023641235096222E-007
  4.023641235095912E-007  4.023641235095605E-007  4.023641235095335E-007
  4.023641235095197E-007  4.023641235094939E-007  4.023641235094727E-007
  4.023641235094363E-007  4.023641235094127E-007  4.023641235093846E-007
  1.362551236430763E-006  4.023641235096627E-007  4.023641235095867E-007
  4.023641235095141E-007  4.023641235094372E-007  4.023641235093670E-007
  4.023641235092897E-007  4.023641235092070E-007  4.023641235091339E-007
  4.023641235090682E-007  4.023641235089961E-007  4.023641235089195E-007
  4.023641235088391E-007  4.023641235087671E-007  4.023641235086905E-007
  1.362551236430767E-006  4.023641235098676E-007  4.023641235099570E-007
  4.023641235100477E-007  4.023641235101363E-007  4.023641235102290E-007
  4.023641235103173E-007  4.023641235104015E-007  4.023641235104906E-007
  4.023641235105929E-007  4.023641235106842E-007  4.023641235107778E-007
  4.023641235108608E-007  4.023641235109476E-007  4.023641235110390E-007
  1.362551236430820E-006  4.023641235100934E-007  4.023641235103518E-007
  4.023641235106141E-007  4.023641235108705E-007  4.023641235111337E-007
  4.023641235113897E-007  4.023641235116439E-007  4.023641235119030E-007
  4.023641235121740E-007  4.023641235124319E-007  4.023641235126944E-007
  4.023641235129508E-007  4.023641235132064E-007  4.023641235134666E-007
  1.362551236430768E-006  4.023641235096542E-007  4.023641235095703E-007
  4.023641235094888E-007  4.023641235094049E-007  4.023641235093249E-007
  4.023641235092405E-007  4.023641235091510E-007  4.023641235090695E-007
  4.023641235090003E-007  4.023641235089156E-007  4.023641235088319E-007
  4.023641235087446E-007  4.023641235086611E-007  4.023641235085774E-007
  1.362551236430929E-006  4.023641235103060E-007  4.023641235107109E-007
  4.023641235111180E-007  4.023641235115221E-007  4.023641235119280E-007
  4.023641235123352E-007  4.023641235127336E-007  4.023641235131382E-007
  4.023641235135558E-007  4.023641235139604E-007  4.023641235143671E-007
  4.023641235147656E-007  4.023641235151701E-007  4.023641235155814E-007
  1.362551236430686E-006  4.023641235093895E-007  4.023641235091118E-007
  4.023641235088362E-007  4.023641235085575E-007  4.023641235082829E-007
  4.023641235080032E-007  4.023641235077206E-007  4.023641235074451E-007
  4.023641235071784E-007  4.023641235069018E-007  4.023641235066275E-007
  4.023641235063448E-007  4.023641235060638E-007  4.023641235057940E-007
  1.362551236430799E-006  4.023641235098408E-007  4.023641235099008E-007
  4.023641235099627E-007  4.023641235100217E-007  4.023641235100862E-007
  4.023641235101448E-007  4.023641235101958E-007  4.023641235102585E-007
  4.023641235103332E-007  4.023641235103959E-007  4.023641235104574E-007
  4.023641235105084E-007  4.023641235105677E-007  4.023641235106270E-007
  1.362551236430835E-006  4.023641235098593E-007  4.023641235099250E-007
  4.023641235099940E-007  4.023641235100588E-007  4.023641235101281E-007
  4.023641235101930E-007  4.023641235102516E-007  4.023641235103184E-007
  4.023641235103985E-007  4.023641235104665E-007  4.023641235105288E-007
  4.023641235105874E-007  4.023641235106587E-007  4.023641235107256E-007
  1.362551236430837E-006  4.023641235098940E-007  4.023641235099878E-007
  4.023641235100848E-007  4.023641235101782E-007  4.023641235102750E-007
  4.023641235103663E-007  4.023641235104558E-007  4.023641235105490E-007
  4.023641235106543E-007  4.023641235107532E-007  4.023641235108442E-007
  4.023641235109359E-007  4.023641235110268E-007  4.023641235111269E-007
  1.362551236430595E-006  4.023641235084949E-007  4.023641235075159E-007
  4.023641235065393E-007  4.023641235055595E-007  4.023641235045831E-007
  4.023641235036046E-007  4.023641235026197E-007  4.023641235016419E-007
  4.023641235006785E-007  4.023641234997019E-007  4.023641234987230E-007
  4.023641234977359E-007  4.023641234967570E-007  4.023641234957781E-007
  1.362551236430695E-006  4.023641235093550E-007  4.023641235090475E-007
  4.023641235087416E-007  4.023641235084332E-007  4.023641235081289E-007
  4.023641235078218E-007  4.023641235075072E-007  4.023641235071998E-007
  4.023641235069044E-007  4.023641235066015E-007  4.023641235062929E-007
  4.023641235059829E-007  4.023641235056743E-007  4.023641235053658E-007
  1.362551236430349E-006  4.023641235084141E-007  4.023641235074289E-007
  4.023641235064479E-007  4.023641235054617E-007  4.023641235044816E-007
  4.023641235034933E-007  4.023641235025052E-007  4.023641235015199E-007
  4.023641235005479E-007  4.023641234995625E-007  4.023641234985851E-007
  4.023641234975903E-007  4.023641234966061E-007  4.023641234956243E-007
  1.362551236430928E-006  4.023641235102582E-007  4.023641235106246E-007
  4.023641235109932E-007  4.023641235113588E-007  4.023641235117282E-007
  4.023641235120905E-007  4.023641235124521E-007  4.023641235128208E-007
  4.023641235131994E-007  4.023641235135635E-007  4.023641235139300E-007
  4.023641235142927E-007  4.023641235146591E-007  4.023641235150279E-007
  4.614093959731464E-006  1.362551236430728E-006  1.362551236430697E-006
  1.362551236430669E-006  1.362551236430634E-006  1.362551236430607E-006
  1.362551236430567E-006  1.362551236430521E-006  1.362551236430485E-006
  1.362551236430495E-006  1.362551236430477E-006  1.362551236430432E-006
  1.362551236430373E-006  1.362551236430360E-006  1.362551236430328E-006
  1.362551236430778E-006  4.023641235097607E-007  4.023641235097598E-007
  4.023641235097614E-007  4.023641235097615E-007  4.023641235097668E-007
  4.023641235097598E-007  4.023641235097577E-007  4.023641235097571E-007
  4.023641235097709E-007  4.023641235097704E-007  4.023641235097732E-007
  4.023641235097655E-007  4.023641235097683E-007  4.023641235097689E-007
  1.362551236430734E-006  4.023641235097664E-007  4.023641235097813E-007
  4.023641235097987E-007  4.023641235098137E-007  4.023641235098326E-007
  4.023641235098455E-007  4.023641235098554E-007  4.023641235098714E-007
  4.023641235098993E-007  4.023641235099208E-007  4.023641235099333E-007
  4.023641235099398E-007  4.023641235099614E-007  4.023641235099762E-007
  1.362551236430824E-006  4.023641235098882E-007  4.023641235099797E-007
  4.023641235100744E-007  4.023641235101655E-007  4.023641235102630E-007
  4.023641235103532E-007  4.023641235104358E-007  4.023641235105302E-007
  4.023641235106344E-007  4.023641235107276E-007  4.023641235108197E-007
  4.023641235109080E-007  4.023641235110024E-007  4.023641235110945E-007
  1.362551236430760E-006  4.023641235096461E-007  4.023641235095574E-007
  4.023641235094716E-007  4.023641235093826E-007  4.023641235092993E-007
  4.023641235092078E-007  4.023641235091155E-007  4.023641235090292E-007
  4.023641235089528E-007  4.023641235088665E-007  4.023641235087745E-007
  4.023641235086878E-007  4.023641235085937E-007  4.023641235085107E-007
  1.362551236430712E-006  4.023641235098557E-007  4.023641235099479E-007
  4.023641235100433E-007  4.023641235101357E-007  4.023641235102304E-007
  4.023641235103213E-007  4.023641235104093E-007  4.023641235105032E-007
  4.023641235106081E-007  4.023641235106998E-007  4.023641235107926E-007
  4.023641235108840E-007  4.023641235109745E-007  4.023641235110695E-007
  1.362551236430816E-006  4.023641235098500E-007  4.023641235099134E-007
  4.023641235099781E-007  4.023641235100412E-007  4.023641235101088E-007
  4.023641235101721E-007  4.023641235102266E-007  4.023641235102929E-007
  4.023641235103678E-007  4.023641235104296E-007  4.023641235104947E-007
  4.023641235105539E-007  4.023641235106168E-007  4.023641235106841E-007
  1.362551236430805E-006  4.023641235098606E-007  4.023641235099356E-007
  4.023641235100114E-007  4.023641235100862E-007  4.023641235101644E-007
  4.023641235102371E-007  4.023641235103057E-007  4.023641235103803E-007
  4.023641235104703E-007  4.023641235105450E-007  4.023641235106151E-007
  4.023641235106926E-007  4.023641235107672E-007  4.023641235108396E-007
  1.362551236430799E-006  4.023641235098410E-007  4.023641235099006E-007
  4.023641235099627E-007  4.023641235100224E-007  4.023641235100860E-007
  4.023641235101435E-007  4.023641235101992E-007  4.023641235102598E-007
  4.023641235103302E-007  4.023641235103942E-007  4.023641235104536E-007
  4.023641235105071E-007  4.023641235105665E-007  4.023641235106282E-007
  1.362551236430832E-006  4.023641235102946E-007  4.023641235107124E-007
  4.023641235111327E-007  4.023641235115506E-007  4.023641235119714E-007
  4.023641235123860E-007  4.023641235128011E-007  4.023641235132199E-007
  4.023641235136497E-007  4.023641235140697E-007  4.023641235144897E-007
  4.023641235148990E-007  4.023641235153212E-007  4.023641235157390E-007
  1.362551236430948E-006  4.023641235094644E-007  4.023641235091847E-007
  4.023641235089080E-007  4.023641235086269E-007  4.023641235083532E-007
  4.023641235080689E-007  4.023641235077839E-007  4.023641235075060E-007
  4.023641235072390E-007  4.023641235069612E-007  4.023641235066821E-007
  4.023641235063971E-007  4.023641235061159E-007  4.023641235058414E-007
  1.362551236430603E-006  4.023641235085230E-007  4.023641235075656E-007
  4.023641235066110E-007  4.023641235056522E-007  4.023641235046979E-007
  4.023641235037387E-007  4.023641235027777E-007  4.023641235018215E-007
  4.023641235008763E-007  4.023641234999167E-007  4.023641234989606E-007
  4.023641234980028E-007  4.023641234970467E-007  4.023641234960860E-007
  1.362551236430922E-006  4.023641235102682E-007  4.023641235106435E-007
  4.023641235110213E-007  4.023641235113954E-007  4.023641235117745E-007
  4.023641235121489E-007  4.023641235125190E-007  4.023641235128941E-007
  4.023641235132835E-007  4.023641235136608E-007  4.023641235140346E-007
  4.023641235144048E-007  4.023641235147833E-007  4.023641235151617E-007
  1.362551236430583E-006  4.023641235093293E-007  4.023641235090279E-007
  4.023641235087272E-007  4.023641235084263E-007  4.023641235081283E-007
  4.023641235078242E-007  4.023641235075183E-007  4.023641235072183E-007
  4.023641235069282E-007  4.023641235066271E-007  4.023641235063295E-007
  4.023641235060191E-007  4.023641235057123E-007  4.023641235054146E-007
  1.362551236430928E-006  4.023641235102849E-007  4.023641235106718E-007
  4.023641235110613E-007  4.023641235114485E-007  4.023641235118395E-007
  4.023641235122252E-007  4.023641235126067E-007  4.023641235129953E-007
  4.023641235133949E-007  4.023641235137847E-007  4.023641235141744E-007
  4.023641235145536E-007  4.023641235149411E-007  4.023641235153309E-007
  4.614093959731464E-006  1.362551236430730E-006  1.362551236430698E-006
  1.362551236430675E-006  1.362551236430640E-006  1.362551236430622E-006
  1.362551236430584E-006  1.362551236430527E-006  1.362551236430494E-006
  1.362551236430516E-006  1.362551236430478E-006  1.362551236430453E-006
  1.362551236430410E-006  1.362551236430377E-006  1.362551236430344E-006
  1.362551236430767E-006  4.023641235097818E-007  4.023641235098019E-007
  4.023641235098251E-007  4.023641235098430E-007  4.023641235098666E-007
  4.023641235098848E-007  4.023641235098987E-007  4.023641235099199E-007
  4.023641235099508E-007  4.023641235099741E-007  4.023641235099919E-007
  4.023641235100058E-007  4.023641235100281E-007  4.023641235100459E-007
  1.362551236430707E-006  4.023641235095468E-007  4.023641235093912E-007
  4.023641235092383E-007  4.023641235090815E-007  4.023641235089297E-007
  4.023641235087742E-007  4.023641235086123E-007  4.023641235084564E-007
  4.023641235083138E-007  4.023641235081557E-007  4.023641235080065E-007
  4.023641235078447E-007  4.023641235076888E-007  4.023641235075374E-007
  1.362551236430826E-006  4.023641235098915E-007  4.023641235099860E-007
  4.023641235100847E-007  4.023641235101771E-007  4.023641235102782E-007
  4.023641235103663E-007  4.023641235104582E-007  4.023641235105529E-007
  4.023641235106606E-007  4.023641235107564E-007  4.023641235108487E-007
  4.023641235109395E-007  4.023641235110363E-007  4.023641235111331E-007
  1.362551236430758E-006  4.023641235098502E-007  4.023641235099272E-007
  4.023641235100078E-007  4.023641235100840E-007  4.023641235101675E-007
  4.023641235102405E-007  4.023641235103117E-007  4.023641235103887E-007
  4.023641235104813E-007  4.023641235105574E-007  4.023641235106334E-007
  4.023641235107101E-007  4.023641235107839E-007  4.023641235108622E-007
  1.362551236430827E-006  4.023641235094472E-007  4.023641235091818E-007
  4.023641235089198E-007  4.023641235086530E-007  4.023641235083923E-007
  4.023641235081250E-007  4.023641235078548E-007  4.023641235075927E-007
  4.023641235073394E-007  4.023641235070774E-007  4.023641235068098E-007
  4.023641235065362E-007  4.023641235062775E-007  4.023641235060121E-007
  1.362551236430699E-006  4.023641235093926E-007  4.023641235091142E-007
  4.023641235088382E-007  4.023641235085588E-007  4.023641235082868E-007
  4.023641235080031E-007  4.023641235077219E-007  4.023641235074412E-007
  4.023641235071771E-007  4.023641235068998E-007  4.023641235066247E-007
  4.023641235063414E-007  4.023641235060618E-007  4.023641235057823E-007
  1.362551236430686E-006  4.023641235097994E-007  4.023641235098522E-007
  4.023641235099088E-007  4.023641235099604E-007  4.023641235100165E-007
  4.023641235100688E-007  4.023641235101158E-007  4.023641235101689E-007
  4.023641235102375E-007  4.023641235102895E-007  4.023641235103471E-007
  4.023641235103941E-007  4.023641235104472E-007  4.023641235104957E-007
  1.362551236430795E-006  4.023641235098132E-007  4.023641235098517E-007
  4.023641235098932E-007  4.023641235099311E-007  4.023641235099712E-007
  4.023641235100082E-007  4.023641235100433E-007  4.023641235100832E-007
  4.023641235101342E-007  4.023641235101753E-007  4.023641235102119E-007
  4.023641235102425E-007  4.023641235102835E-007  4.023641235103224E-007
  1.362551236430828E-006  4.023641235102535E-007  4.023641235106399E-007
  4.023641235110280E-007  4.023641235114139E-007  4.023641235118043E-007
  4.023641235121859E-007  4.023641235125677E-007  4.023641235129557E-007
  4.023641235133546E-007  4.023641235137415E-007  4.023641235141328E-007
  4.023641235145113E-007  4.023641235148959E-007  4.023641235152827E-007
  1.362551236430938E-006  4.023641235111000E-007  4.023641235121437E-007
  4.023641235131904E-007  4.023641235142340E-007  4.023641235152804E-007
  4.023641235163231E-007  4.023641235173617E-007  4.023641235184039E-007
  4.023641235194617E-007  4.023641235205074E-007  4.023641235215509E-007
  4.023641235225905E-007  4.023641235236340E-007  4.023641235246797E-007
  1.362551236431058E-006  4.023641235120022E-007  4.023641235137447E-007
  4.023641235154889E-007  4.023641235172317E-007  4.023641235189783E-007
  4.023641235207190E-007  4.023641235224554E-007  4.023641235242002E-007
  4.023641235259559E-007  4.023641235277008E-007  4.023641235294421E-007
  4.023641235311820E-007  4.023641235329234E-007  4.023641235346671E-007
  1.362551236430926E-006  4.023641235102696E-007  4.023641235106447E-007
  4.023641235110229E-007  4.023641235113970E-007  4.023641235117745E-007
  4.023641235121498E-007  4.023641235125188E-007  4.023641235128961E-007
  4.023641235132843E-007  4.023641235136627E-007  4.023641235140377E-007
  4.023641235144045E-007  4.023641235147772E-007  4.023641235151567E-007
  1.362551236430583E-006  4.023641235093563E-007  4.023641235090753E-007
  4.023641235087972E-007  4.023641235085170E-007  4.023641235082407E-007
  4.023641235079589E-007  4.023641235076730E-007  4.023641235073921E-007
  4.023641235071243E-007  4.023641235068444E-007  4.023641235065668E-007
  4.023641235062787E-007  4.023641235060011E-007  4.023641235057189E-007
  1.362551236430697E-006  4.023641235085245E-007  4.023641235075458E-007
  4.023641235065693E-007  4.023641235055904E-007  4.023641235046148E-007
  4.023641235036343E-007  4.023641235026497E-007  4.023641235016734E-007
  4.023641235007091E-007  4.023641234997305E-007  4.023641234987452E-007
  4.023641234977628E-007  4.023641234967888E-007  4.023641234958102E-007
  4.614093959731528E-006  1.362551236430823E-006  1.362551236430852E-006
  1.362551236430889E-006  1.362551236430910E-006  1.362551236430953E-006
  1.362551236430971E-006  1.362551236430979E-006  1.362551236431011E-006
  1.362551236431089E-006  1.362551236431116E-006  1.362551236431148E-006
  1.362551236431152E-006  1.362551236431179E-006  1.362551236431215E-006
  1.362551236430766E-006  4.023641235095663E-007  4.023641235094120E-007
  4.023641235092603E-007  4.023641235091044E-007  4.023641235089547E-007
  4.023641235087980E-007  4.023641235086392E-007  4.023641235084866E-007
  4.023641235083437E-007  4.023641235081910E-007  4.023641235080384E-007
  4.023641235078773E-007  4.023641235077269E-007  4.023641235075698E-007
  1.362551236430799E-006  4.023641235096137E-007  4.023641235094903E-007
  4.023641235093690E-007  4.023641235092452E-007  4.023641235091261E-007
  4.023641235089981E-007  4.023641235088692E-007  4.023641235087487E-007
  4.023641235086369E-007  4.023641235085096E-007  4.023641235083891E-007
  4.023641235082648E-007  4.023641235081397E-007  4.023641235080169E-007
  1.362551236430778E-006  4.023641235096416E-007  4.023641235095455E-007
  4.023641235094518E-007  4.023641235093541E-007  4.023641235092650E-007
  4.023641235091642E-007  4.023641235090616E-007  4.023641235089672E-007
  4.023641235088837E-007  4.023641235087882E-007  4.023641235086949E-007
  4.023641235085888E-007  4.023641235084933E-007  4.023641235084023E-007
  1.362551236430751E-006  4.023641235092359E-007  4.023641235088187E-007
  4.023641235084039E-007  4.023641235079866E-007  4.023641235075756E-007
  4.023641235071534E-007  4.023641235067306E-007  4.023641235063181E-007
  4.023641235059122E-007  4.023641235054953E-007  4.023641235050761E-007
  4.023641235046577E-007  4.023641235042386E-007  4.023641235038240E-007
  1.362551236430789E-006  4.023641235094865E-007  4.023641235092635E-007
  4.023641235090422E-007  4.023641235088175E-007  4.023641235085975E-007
  4.023641235083720E-007  4.023641235081411E-007  4.023641235079219E-007
  4.023641235077103E-007  4.023641235074844E-007  4.023641235072629E-007
  4.023641235070309E-007  4.023641235068096E-007  4.023641235065904E-007
  1.362551236430701E-006  4.023641235092925E-007  4.023641235089331E-007
  4.023641235085757E-007  4.023641235082146E-007  4.023641235078581E-007
  4.023641235074967E-007  4.023641235071334E-007  4.023641235067728E-007
  4.023641235064286E-007  4.023641235060680E-007  4.023641235057096E-007
  4.023641235053451E-007  4.023641235049868E-007  4.023641235046238E-007
  1.362551236430720E-006  4.023641235095318E-007  4.023641235093609E-007
  4.023641235091927E-007  4.023641235090206E-007  4.023641235088518E-007
  4.023641235086811E-007  4.023641235085061E-007  4.023641235083360E-007
  4.023641235081769E-007  4.023641235080058E-007  4.023641235078357E-007
  4.023641235076597E-007  4.023641235074874E-007  4.023641235073218E-007
  1.362551236430745E-006  4.023641235093167E-007  4.023641235089666E-007
  4.023641235086185E-007  4.023641235082684E-007  4.023641235079210E-007
  4.023641235075687E-007  4.023641235072135E-007  4.023641235068653E-007
  4.023641235065258E-007  4.023641235061778E-007  4.023641235058263E-007
  4.023641235054687E-007  4.023641235051217E-007  4.023641235047725E-007
  1.362551236430702E-006  4.023641235091478E-007  4.023641235086712E-007
  4.023641235081964E-007  4.023641235077197E-007  4.023641235072469E-007
  4.023641235067681E-007  4.023641235062851E-007  4.023641235058128E-007
  4.023641235053491E-007  4.023641235048710E-007  4.023641235043998E-007
  4.023641235039180E-007  4.023641235034376E-007  4.023641235029641E-007
  1.362551236430847E-006  4.023641235102904E-007  4.023641235107019E-007
  4.023641235111157E-007  4.023641235115256E-007  4.023641235119407E-007
  4.023641235123496E-007  4.023641235127556E-007  4.023641235131698E-007
  4.023641235135939E-007  4.023641235140024E-007  4.023641235144212E-007
  4.023641235148272E-007  4.023641235152369E-007  4.023641235156489E-007
  1.362551236430760E-006  4.023641235096330E-007  4.023641235095343E-007
  4.023641235094377E-007  4.023641235093374E-007  4.023641235092416E-007
  4.023641235091420E-007  4.023641235090383E-007  4.023641235089406E-007
  4.023641235088527E-007  4.023641235087527E-007  4.023641235086563E-007
  4.023641235085514E-007  4.023641235084594E-007  4.023641235083582E-007
  1.362551236430671E-006  4.023641235090436E-007  4.023641235084904E-007
  4.023641235079401E-007  4.023641235073858E-007  4.023641235068356E-007
  4.023641235062821E-007  4.023641235057223E-007  4.023641235051708E-007
  4.023641235046312E-007  4.023641235040773E-007  4.023641235035235E-007
  4.023641235029659E-007  4.023641235024166E-007  4.023641235018628E-007
  1.362551236430592E-006  4.023641235092865E-007  4.023641235089482E-007
  4.023641235086124E-007  4.023641235082733E-007  4.023641235079376E-007
  4.023641235076004E-007  4.023641235072545E-007  4.023641235069191E-007
  4.023641235065936E-007  4.023641235062516E-007  4.023641235059173E-007
  4.023641235055726E-007  4.023641235052339E-007  4.023641235048997E-007
  1.362551236430968E-006  4.023641235096516E-007  4.023641235095187E-007
  4.023641235093883E-007  4.023641235092558E-007  4.023641235091254E-007
  4.023641235089903E-007  4.023641235088520E-007  4.023641235087199E-007
  4.023641235086020E-007  4.023641235084687E-007  4.023641235083354E-007
  4.023641235082028E-007  4.023641235080650E-007  4.023641235079362E-007
  4.614093959731442E-006  1.362551236430723E-006  1.362551236430693E-006
  1.362551236430667E-006  1.362551236430637E-006  1.362551236430614E-006
  1.362551236430575E-006  1.362551236430528E-006  1.362551236430499E-006
  1.362551236430499E-006  1.362551236430470E-006  1.362551236430455E-006
  1.362551236430416E-006  1.362551236430351E-006  1.362551236430332E-006
  1.362551236430764E-006  4.023641235097579E-007  4.023641235097589E-007
  4.023641235097619E-007  4.023641235097630E-007  4.023641235097665E-007
  4.023641235097690E-007  4.023641235097639E-007  4.023641235097671E-007
  4.023641235097801E-007  4.023641235097800E-007  4.023641235097821E-007
  4.023641235097781E-007  4.023641235097780E-007  4.023641235097823E-007
  1.362551236430703E-006  4.023641235094136E-007  4.023641235091508E-007
  4.023641235088914E-007  4.023641235086288E-007  4.023641235083713E-007
  4.023641235081065E-007  4.023641235078376E-007  4.023641235075781E-007
  4.023641235073286E-007  4.023641235070623E-007  4.023641235068085E-007
  4.023641235065419E-007  4.023641235062745E-007  4.023641235060162E-007
  1.362551236430824E-006  4.023641235098945E-007  4.023641235099922E-007
  4.023641235100916E-007  4.023641235101884E-007  4.023641235102907E-007
  4.023641235103848E-007  4.023641235104781E-007  4.023641235105752E-007
  4.023641235106844E-007  4.023641235107837E-007  4.023641235108798E-007
  4.023641235109764E-007  4.023641235110657E-007  4.023641235111707E-007
  1.362551236430705E-006  4.023641235094252E-007  4.023641235091713E-007
  4.023641235089196E-007  4.023641235086663E-007  4.023641235084164E-007
  4.023641235081599E-007  4.023641235079016E-007  4.023641235076503E-007
  4.023641235074066E-007  4.023641235071554E-007  4.023641235069008E-007
  4.023641235066446E-007  4.023641235063855E-007  4.023641235061376E-007
  1.362551236430827E-006  4.023641235094731E-007  4.023641235092301E-007
  4.023641235089891E-007  4.023641235087446E-007  4.023641235085046E-007
  4.023641235082585E-007  4.023641235080084E-007  4.023641235077687E-007
  4.023641235075366E-007  4.023641235072936E-007  4.023641235070506E-007
  4.023641235068016E-007  4.023641235065608E-007  4.023641235063200E-007
  1.362551236430704E-006  4.023641235094070E-007  4.023641235091398E-007
  4.023641235088745E-007  4.023641235086067E-007  4.023641235083423E-007
  4.023641235080724E-007  4.023641235077995E-007  4.023641235075349E-007
  4.023641235072790E-007  4.023641235070122E-007  4.023641235067464E-007
  4.023641235064747E-007  4.023641235062021E-007  4.023641235059365E-007
  1.362551236430917E-006  4.023641235103171E-007  4.023641235107331E-007
  4.023641235111506E-007  4.023641235115669E-007  4.023641235119871E-007
  4.023641235124007E-007  4.023641235128102E-007  4.023641235132279E-007
  4.023641235136566E-007  4.023641235140732E-007  4.023641235144933E-007
  4.023641235149050E-007  4.023641235153204E-007  4.023641235157359E-007
  1.362551236430919E-006  4.023641235103120E-007  4.023641235107243E-007
  4.023641235111392E-007  4.023641235115496E-007  4.023641235119662E-007
  4.023641235123757E-007  4.023641235127822E-007  4.023641235131958E-007
  4.023641235136193E-007  4.023641235140294E-007  4.023641235144453E-007
  4.023641235148507E-007  4.023641235152643E-007  4.023641235156757E-007
  1.362551236430828E-006  4.023641235102670E-007  4.023641235106631E-007
  4.023641235110639E-007  4.023641235114597E-007  4.023641235118605E-007
  4.023641235122519E-007  4.023641235126448E-007  4.023641235130416E-007
  4.023641235134537E-007  4.023641235138493E-007  4.023641235142482E-007
  4.023641235146412E-007  4.023641235150356E-007  4.023641235154347E-007
  1.362551236430710E-006  4.023641235085219E-007  4.023641235075376E-007
  4.023641235065565E-007  4.023641235055721E-007  4.023641235045923E-007
  4.023641235036047E-007  4.023641235026153E-007  4.023641235016341E-007
  4.023641235006627E-007  4.023641234996814E-007  4.023641234986980E-007
  4.023641234977063E-007  4.023641234967206E-007  4.023641234957395E-007
  1.362551236430830E-006  4.023641235102824E-007  4.023641235106913E-007
  4.023641235111019E-007  4.023641235115094E-007  4.023641235119248E-007
  4.023641235123291E-007  4.023641235127326E-007  4.023641235131411E-007
  4.023641235135628E-007  4.023641235139757E-007  4.023641235143842E-007
  4.023641235147844E-007  4.023641235151928E-007  4.023641235156012E-007
  1.362551236430926E-006  4.023641235102563E-007  4.023641235106208E-007
  4.023641235109879E-007  4.023641235113518E-007  4.023641235117207E-007
  4.023641235120852E-007  4.023641235124423E-007  4.023641235128088E-007
  4.023641235131861E-007  4.023641235135515E-007  4.023641235139191E-007
  4.023641235142762E-007  4.023641235146438E-007  4.023641235150068E-007
  1.362551236430808E-006  4.023641235102150E-007  4.023641235105754E-007
  4.023641235109367E-007  4.023641235112967E-007  4.023641235116594E-007
  4.023641235120191E-007  4.023641235123734E-007  4.023641235127349E-007
  4.023641235131062E-007  4.023641235134700E-007  4.023641235138292E-007
  4.023641235141847E-007  4.023641235145439E-007  4.023641235149032E-007
  1.362551236430932E-006  4.023641235103257E-007  4.023641235107452E-007
  4.023641235111677E-007  4.023641235115853E-007  4.023641235120085E-007
  4.023641235124268E-007  4.023641235128398E-007  4.023641235132622E-007
  4.023641235136922E-007  4.023641235141147E-007  4.023641235145349E-007
  4.023641235149468E-007  4.023641235153647E-007  4.023641235157871E-007
  4.614093959731464E-006  1.362551236430703E-006  1.362551236430649E-006
  1.362551236430600E-006  1.362551236430545E-006  1.362551236430507E-006
  1.362551236430444E-006  1.362551236430380E-006  1.362551236430322E-006
  1.362551236430314E-006  1.362551236430260E-006  1.362551236430206E-006
  1.362551236430143E-006  1.362551236430093E-006  1.362551236430034E-006
  1.362551236430793E-006  4.023641235098835E-007  4.023641235099796E-007
  4.023641235100781E-007  4.023641235101721E-007  4.023641235102735E-007
  4.023641235103672E-007  4.023641235104567E-007  4.023641235105534E-007
  4.023641235106633E-007  4.023641235107633E-007  4.023641235108578E-007
  4.023641235109462E-007  4.023641235110474E-007  4.023641235111396E-007
  1.362551236430819E-006  4.023641235098844E-007  4.023641235099739E-007
  4.023641235100662E-007  4.023641235101555E-007  4.023641235102500E-007
  4.023641235103378E-007  4.023641235104202E-007  4.023641235105122E-007
  4.023641235106162E-007  4.023641235107059E-007  4.023641235107979E-007
  4.023641235108838E-007  4.023641235109689E-007  4.023641235110609E-007
  1.362551236430824E-006  4.023641235098814E-007  4.023641235099673E-007
  4.023641235100568E-007  4.023641235101423E-007  4.023641235102336E-007
  4.023641235103153E-007  4.023641235103986E-007  4.023641235104868E-007
  4.023641235105848E-007  4.023641235106731E-007  4.023641235107589E-007
  4.023641235108389E-007  4.023641235109294E-007  4.023641235110175E-007
  1.362551236430818E-006  4.023641235098811E-007  4.023641235099696E-007
  4.023641235100586E-007  4.023641235101464E-007  4.023641235102371E-007
  4.023641235103235E-007  4.023641235104058E-007  4.023641235104952E-007
  4.023641235105956E-007  4.023641235106872E-007  4.023641235107744E-007
  4.023641235108600E-007  4.023641235109449E-007  4.023641235110366E-007
  1.362551236430712E-006  4.023641235094196E-007  4.023641235091600E-007
  4.023641235089019E-007  4.023641235086425E-007  4.023641235083853E-007
  4.023641235081234E-007  4.023641235078605E-007  4.023641235075992E-007
  4.023641235073557E-007  4.023641235070978E-007  4.023641235068354E-007
  4.023641235065760E-007  4.023641235063136E-007  4.023641235060511E-007
  1.362551236430704E-006  4.023641235094075E-007  4.023641235091396E-007
  4.023641235088745E-007  4.023641235086055E-007  4.023641235083426E-007
  4.023641235080727E-007  4.023641235077974E-007  4.023641235075315E-007
  4.023641235072789E-007  4.023641235070163E-007  4.023641235067415E-007
  4.023641235064741E-007  4.023641235062038E-007  4.023641235059401E-007
  1.362551236430567E-006  4.023641235093546E-007  4.023641235090768E-007
  4.023641235088006E-007  4.023641235085232E-007  4.023641235082479E-007
  4.023641235079689E-007  4.023641235076880E-007  4.023641235074086E-007
  4.023641235071446E-007  4.023641235068697E-007  4.023641235065904E-007
  4.023641235063095E-007  4.023641235060301E-007  4.023641235057552E-007
  1.362551236430687E-006  4.023641235094113E-007  4.023641235091506E-007
  4.023641235088935E-007  4.023641235086324E-007  4.023641235083758E-007
  4.023641235081121E-007  4.023641235078464E-007  4.023641235075869E-007
  4.023641235073394E-007  4.023641235070843E-007  4.023641235068247E-007
  4.023641235065569E-007  4.023641235062973E-007  4.023641235060377E-007
  1.362551236430835E-006  4.023641235102950E-007  4.023641235107130E-007
  4.023641235111332E-007  4.023641235115521E-007  4.023641235119744E-007
  4.023641235123901E-007  4.023641235128017E-007  4.023641235132215E-007
  4.023641235136535E-007  4.023641235140744E-007  4.023641235144898E-007
  4.023641235148969E-007  4.023641235153235E-007  4.023641235157388E-007
  1.362551236430949E-006  4.023641235111695E-007  4.023641235122671E-007
  4.023641235133656E-007  4.023641235144628E-007  4.023641235155627E-007
  4.023641235166589E-007  4.023641235177499E-007  4.023641235188502E-007
  4.023641235199570E-007  4.023641235210562E-007  4.023641235221555E-007
  4.023641235232419E-007  4.023641235243433E-007  4.023641235254403E-007
  1.362551236431065E-006  4.023641235120565E-007  4.023641235138425E-007
  4.023641235156313E-007  4.023641235174143E-007  4.023641235192034E-007
  4.023641235209889E-007  4.023641235227679E-007  4.023641235245541E-007
  4.023641235263523E-007  4.023641235281407E-007  4.023641235299280E-007
  4.023641235317047E-007  4.023641235334875E-007  4.023641235352748E-007
  1.362551236430926E-006  4.023641235102957E-007  4.023641235106920E-007
  4.023641235110913E-007  4.023641235114872E-007  4.023641235118893E-007
  4.023641235122838E-007  4.023641235126729E-007  4.023641235130704E-007
  4.023641235134798E-007  4.023641235138795E-007  4.023641235142770E-007
  4.023641235146684E-007  4.023641235150636E-007  4.023641235154633E-007
  1.362551236430811E-006  4.023641235094096E-007  4.023641235091192E-007
  4.023641235088298E-007  4.023641235085390E-007  4.023641235082504E-007
  4.023641235079582E-007  4.023641235076617E-007  4.023641235073724E-007
  4.023641235070940E-007  4.023641235068048E-007  4.023641235065155E-007
  4.023641235062133E-007  4.023641235059286E-007  4.023641235056415E-007
  1.362551236430928E-006  4.023641235094385E-007  4.023641235091428E-007
  4.023641235088499E-007  4.023641235085541E-007  4.023641235082599E-007
  4.023641235079626E-007  4.023641235076621E-007  4.023641235073678E-007
  4.023641235070843E-007  4.023641235067911E-007  4.023641235064968E-007
  4.023641235061964E-007  4.023641235058997E-007  4.023641235056053E-007
  4.614093959731528E-006  1.362551236430823E-006  1.362551236430853E-006
  1.362551236430886E-006  1.362551236430911E-006  1.362551236430953E-006
  1.362551236430973E-006  1.362551236430978E-006  1.362551236431020E-006
  1.362551236431082E-006  1.362551236431110E-006  1.362551236431157E-006
  1.362551236431153E-006  1.362551236431186E-006  1.362551236431229E-006
  1.362551236430793E-006  4.023641235098664E-007  4.023641235099480E-007
  4.023641235100327E-007  4.023641235101141E-007  4.023641235101988E-007
  4.023641235102782E-007  4.023641235103557E-007  4.023641235104380E-007
  4.023641235105335E-007  4.023641235106204E-007  4.023641235106948E-007
  4.023641235107767E-007  4.023641235108602E-007  4.023641235109392E-007
  1.362551236430796E-006  4.023641235097979E-007  4.023641235098231E-007
  4.023641235098524E-007  4.023641235098766E-007  4.023641235099080E-007
  4.023641235099291E-007  4.023641235099505E-007  4.023641235099790E-007
  4.023641235100184E-007  4.023641235100447E-007  4.023641235100732E-007
  4.023641235100912E-007  4.023641235101175E-007  4.023641235101416E-007
  1.362551236430836E-006  4.023641235098534E-007  4.023641235099147E-007
  4.023641235099782E-007  4.023641235100387E-007  4.023641235101055E-007
  4.023641235101639E-007  4.023641235102193E-007  4.023641235102807E-007
  4.023641235103521E-007  4.023641235104214E-007  4.023641235104816E-007
  4.023641235105405E-007  4.023641235105985E-007  4.023641235106566E-007
  1.362551236430865E-006  4.023641235101221E-007  4.023641235103930E-007
  4.023641235106661E-007  4.023641235109375E-007  4.023641235112116E-007
  4.023641235114814E-007  4.023641235117470E-007  4.023641235120221E-007
  4.023641235123058E-007  4.023641235125764E-007  4.023641235128526E-007
  4.023641235131160E-007  4.023641235133900E-007  4.023641235136572E-007
  1.362551236430904E-006  4.023641235099439E-007  4.023641235100616E-007
  4.023641235101813E-007  4.023641235102996E-007  4.023641235104201E-007
  4.023641235105363E-007  4.023641235106496E-007  4.023641235107688E-007
  4.023641235108978E-007  4.023641235110194E-007  4.023641235111397E-007
  4.023641235112495E-007  4.023641235113654E-007  4.023641235114880E-007
  1.362551236430815E-006  4.023641235097426E-007  4.023641235097184E-007
  4.023641235096972E-007  4.023641235096730E-007  4.023641235096534E-007
  4.023641235096276E-007  4.023641235096012E-007  4.023641235095785E-007
  4.023641235095667E-007  4.023641235095440E-007  4.023641235095213E-007
  4.023641235094926E-007  4.023641235094699E-007  4.023641235094427E-007
  1.362551236430832E-006  4.023641235103974E-007  4.023641235108988E-007
  4.023641235114026E-007  4.023641235119032E-007  4.023641235124104E-007
  4.023641235129089E-007  4.023641235134056E-007  4.023641235139094E-007
  4.023641235144217E-007  4.023641235149221E-007  4.023641235154271E-007
  4.023641235159258E-007  4.023641235164240E-007  4.023641235169221E-007
  1.362551236430518E-006  4.023641235088666E-007  4.023641235082061E-007
  4.023641235075500E-007  4.023641235068888E-007  4.023641235062328E-007
  4.023641235055701E-007  4.023641235049055E-007  4.023641235042471E-007
  4.023641235036006E-007  4.023641235029421E-007  4.023641235022835E-007
  4.023641235016144E-007  4.023641235009581E-007  4.023641235002996E-007
  1.362551236431161E-006  4.023641235109753E-007  4.023641235118659E-007
  4.023641235127576E-007  4.023641235136454E-007  4.023641235145378E-007
  4.023641235154258E-007  4.023641235163108E-007  4.023641235172019E-007
  4.023641235181050E-007  4.023641235189950E-007  4.023641235198848E-007
  4.023641235207687E-007  4.023641235216587E-007  4.023641235225486E-007
  1.362551236430850E-006  4.023641235086125E-007  4.023641235076685E-007
  4.023641235067273E-007  4.023641235057817E-007  4.023641235048407E-007
  4.023641235038969E-007  4.023641235029457E-007  4.023641235020039E-007
  4.023641235010707E-007  4.023641235001323E-007  4.023641234991848E-007
  4.023641234982358E-007  4.023641234972928E-007  4.023641234963521E-007
  1.362551236430767E-006  4.023641235105075E-007  4.023641235111132E-007
  4.023641235117211E-007  4.023641235123255E-007  4.023641235129326E-007
  4.023641235135382E-007  4.023641235141386E-007  4.023641235147461E-007
  4.023641235153634E-007  4.023641235159687E-007  4.023641235165729E-007
  4.023641235171754E-007  4.023641235177841E-007  4.023641235183905E-007
  1.362551236430671E-006  4.023641235090568E-007  4.023641235085142E-007
  4.023641235079745E-007  4.023641235074309E-007  4.023641235068901E-007
  4.023641235063450E-007  4.023641235058003E-007  4.023641235052582E-007
  4.023641235047270E-007  4.023641235041849E-007  4.023641235036428E-007
  4.023641235030992E-007  4.023641235025572E-007  4.023641235020106E-007
  1.362551236430819E-006  4.023641235101864E-007  4.023641235105209E-007
  4.023641235108565E-007  4.023641235111904E-007  4.023641235115272E-007
  4.023641235118613E-007  4.023641235121878E-007  4.023641235125216E-007
  4.023641235128708E-007  4.023641235132102E-007  4.023641235135383E-007
  4.023641235138694E-007  4.023641235141998E-007  4.023641235145391E-007
  1.362551236430506E-006  4.023641235095153E-007  4.023641235093823E-007
  4.023641235092524E-007  4.023641235091181E-007  4.023641235089877E-007
  4.023641235088537E-007  4.023641235087142E-007  4.023641235085865E-007
  4.023641235084629E-007  4.023641235083306E-007  4.023641235081961E-007
  4.023641235080601E-007  4.023641235079323E-007  4.023641235078002E-007
