  0.000000000000000E+000 -4.270268246252482E-031 -4.270268246252478E-031
 -4.270268246252488E-031 -4.270268246252496E-031 -4.270268246252478E-031
 -4.270268246252496E-031 -4.270268246252528E-031 -4.270268246252528E-031
 -4.270268246252496E-031 -4.270268246252496E-031 -4.270268246252496E-031
 -4.270268246252496E-031 -4.270268246252496E-031 -4.270268246252496E-031
  0.000000000000000E+000 -6.893134999282226E-031 -6.893134999282219E-031
 -6.893134999282233E-031 -6.893134999282245E-031 -6.893134999282219E-031
 -6.893134999282245E-031 -6.893134999282295E-031 -6.893134999282295E-031
 -6.893134999282245E-031 -6.893134999282245E-031 -6.893134999282245E-031
 -6.893134999282245E-031 -6.893134999282245E-031 -6.893134999282245E-031
  0.000000000000000E+000 -4.031906674864268E-032 -4.031906674864265E-032
 -4.031906674864272E-032 -4.031906674864278E-032 -4.031906674864265E-032
 -4.031906674864278E-032 -4.031906674864310E-032 -4.031906674864310E-032
 -4.031906674864280E-032 -4.031906674864280E-032 -4.031906674864280E-032
 -4.031906674864278E-032 -4.031906674864278E-032 -4.031906674864278E-032
  0.000000000000000E+000 -3.986793369258488E-031 -3.986793369258484E-031
 -3.986793369258491E-031 -3.986793369258499E-031 -3.986793369258484E-031
 -3.986793369258499E-031 -3.986793369258528E-031 -3.986793369258528E-031
 -3.986793369258499E-031 -3.986793369258499E-031 -3.986793369258499E-031
 -3.986793369258499E-031 -3.986793369258499E-031 -3.986793369258499E-031
  0.000000000000000E+000 -2.872253090120780E-031 -2.872253090120777E-031
 -2.872253090120782E-031 -2.872253090120788E-031 -2.872253090120777E-031
 -2.872253090120788E-031 -2.872253090120809E-031 -2.872253090120809E-031
 -2.872253090120788E-031 -2.872253090120788E-031 -2.872253090120788E-031
 -2.872253090120788E-031 -2.872253090120788E-031 -2.872253090120788E-031
  0.000000000000000E+000 -4.031906674864268E-032 -4.031906674864265E-032
 -4.031906674864273E-032 -4.031906674864280E-032 -4.031906674864265E-032
 -4.031906674864280E-032 -4.031906674864310E-032 -4.031906674864310E-032
 -4.031906674864280E-032 -4.031906674864280E-032 -4.031906674864280E-032
 -4.031906674864280E-032 -4.031906674864280E-032 -4.031906674864280E-032
  0.000000000000000E+000 -2.872253090120780E-031 -2.872253090120777E-031
 -2.872253090120782E-031 -2.872253090120788E-031 -2.872253090120777E-031
 -2.872253090120788E-031 -2.872253090120809E-031 -2.872253090120809E-031
 -2.872253090120788E-031 -2.872253090120788E-031 -2.872253090120788E-031
 -2.872253090120788E-031 -2.872253090120788E-031 -2.872253090120788E-031
  0.000000000000000E+000  2.312493433936036E-031  2.312493433936034E-031
  2.312493433936038E-031  2.312493433936043E-031  2.312493433936034E-031
  2.312493433936043E-031  2.312493433936060E-031  2.312493433936060E-031
  2.312493433936043E-031  2.312493433936043E-031  2.312493433936043E-031
  2.312493433936043E-031  2.312493433936043E-031  2.312493433936043E-031
  0.000000000000000E+000  2.312493433936036E-031  2.312493433936034E-031
  2.312493433936038E-031  2.312493433936043E-031  2.312493433936034E-031
  2.312493433936043E-031  2.312493433936060E-031  2.312493433936060E-031
  2.312493433936043E-031  2.312493433936043E-031  2.312493433936043E-031
  2.312493433936043E-031  2.312493433936043E-031  2.312493433936043E-031
  0.000000000000000E+000  7.250618279204721E-031  7.250618279204714E-031
  7.250618279204729E-031  7.250618279204744E-031  7.250618279204715E-031
  7.250618279204744E-031  7.250618279204796E-031  7.250618279204796E-031
  7.250618279204744E-031  7.250618279204744E-031  7.250618279204744E-031
  7.250618279204744E-031  7.250618279204744E-031  7.250618279204744E-031
  0.000000000000000E+000  7.250618279204721E-031  7.250618279204714E-031
  7.250618279204729E-031  7.250618279204744E-031  7.250618279204715E-031
  7.250618279204744E-031  7.250618279204796E-031  7.250618279204796E-031
  7.250618279204744E-031  7.250618279204744E-031  7.250618279204744E-031
  7.250618279204744E-031  7.250618279204744E-031  7.250618279204744E-031
  0.000000000000000E+000  7.250618279204721E-031  7.250618279204714E-031
  7.250618279204729E-031  7.250618279204744E-031  7.250618279204715E-031
  7.250618279204744E-031  7.250618279204796E-031  7.250618279204796E-031
  7.250618279204744E-031  7.250618279204744E-031  7.250618279204744E-031
  7.250618279204744E-031  7.250618279204744E-031  7.250618279204744E-031
  0.000000000000000E+000 -2.872253090120780E-031 -2.872253090120777E-031
 -2.872253090120782E-031 -2.872253090120788E-031 -2.872253090120777E-031
 -2.872253090120788E-031 -2.872253090120809E-031 -2.872253090120809E-031
 -2.872253090120788E-031 -2.872253090120788E-031 -2.872253090120788E-031
 -2.872253090120788E-031 -2.872253090120788E-031 -2.872253090120788E-031
  0.000000000000000E+000 -2.872253090120780E-031 -2.872253090120777E-031
 -2.872253090120782E-031 -2.872253090120788E-031 -2.872253090120777E-031
 -2.872253090120788E-031 -2.872253090120809E-031 -2.872253090120809E-031
 -2.872253090120788E-031 -2.872253090120788E-031 -2.872253090120788E-031
 -2.872253090120788E-031 -2.872253090120788E-031 -2.872253090120788E-031
  0.000000000000000E+000 -2.872253090120780E-031 -2.872253090120777E-031
 -2.872253090120782E-031 -2.872253090120788E-031 -2.872253090120777E-031
 -2.872253090120788E-031 -2.872253090120809E-031 -2.872253090120809E-031
 -2.872253090120788E-031 -2.872253090120788E-031 -2.872253090120788E-031
 -2.872253090120788E-031 -2.872253090120788E-031 -2.872253090120788E-031
  0.000000000000000E+000  2.503150962537314E-031  2.503150962537310E-031
  2.503150962537316E-031  2.503150962537319E-031  2.503150962537310E-031
  2.503150962537319E-031  2.503150962537340E-031  2.503150962537340E-031
  2.503150962537320E-031  2.503150962537320E-031  2.503150962537320E-031
  2.503150962537319E-031  2.503150962537319E-031  2.503150962537319E-031
  0.000000000000000E+000 -7.931034465849905E-031 -7.931034465849898E-031
 -7.931034465849914E-031 -7.931034465849928E-031 -7.931034465849898E-031
 -7.931034465849928E-031 -7.931034465849988E-031 -7.931034465849988E-031
 -7.931034465849928E-031 -7.931034465849928E-031 -7.931034465849928E-031
 -7.931034465849928E-031 -7.931034465849928E-031 -7.931034465849928E-031
  0.000000000000000E+000  3.529401111825697E-031  3.529401111825695E-031
  3.529401111825701E-031  3.529401111825709E-031  3.529401111825695E-031
  3.529401111825709E-031  3.529401111825735E-031  3.529401111825735E-031
  3.529401111825709E-031  3.529401111825709E-031  3.529401111825709E-031
  3.529401111825709E-031  3.529401111825709E-031  3.529401111825709E-031
  0.000000000000000E+000 -4.855431462486721E-031 -4.855431462486714E-031
 -4.855431462486725E-031 -4.855431462486732E-031 -4.855431462486714E-031
 -4.855431462486732E-031 -4.855431462486770E-031 -4.855431462486770E-031
 -4.855431462486735E-031 -4.855431462486735E-031 -4.855431462486735E-031
 -4.855431462486732E-031 -4.855431462486732E-031 -4.855431462486732E-031
  0.000000000000000E+000 -6.929280243840723E-032 -6.929280243840716E-032
 -6.929280243840727E-032 -6.929280243840741E-032 -6.929280243840716E-032
 -6.929280243840741E-032 -6.929280243840793E-032 -6.929280243840793E-032
 -6.929280243840741E-032 -6.929280243840741E-032 -6.929280243840741E-032
 -6.929280243840741E-032 -6.929280243840741E-032 -6.929280243840741E-032
  0.000000000000000E+000  3.529401111825698E-031  3.529401111825695E-031
  3.529401111825701E-031  3.529401111825709E-031  3.529401111825695E-031
  3.529401111825709E-031  3.529401111825735E-031  3.529401111825735E-031
  3.529401111825709E-031  3.529401111825709E-031  3.529401111825709E-031
  3.529401111825709E-031  3.529401111825709E-031  3.529401111825709E-031
  0.000000000000000E+000 -6.929280243840723E-032 -6.929280243840716E-032
 -6.929280243840727E-032 -6.929280243840741E-032 -6.929280243840716E-032
 -6.929280243840741E-032 -6.929280243840793E-032 -6.929280243840793E-032
 -6.929280243840741E-032 -6.929280243840741E-032 -6.929280243840741E-032
 -6.929280243840741E-032 -6.929280243840741E-032 -6.929280243840741E-032
  0.000000000000000E+000  1.113486846651403E-031  1.113486846651402E-031
  1.113486846651404E-031  1.113486846651406E-031  1.113486846651402E-031
  1.113486846651406E-031  1.113486846651415E-031  1.113486846651415E-031
  1.113486846651406E-031  1.113486846651406E-031  1.113486846651406E-031
  1.113486846651406E-031  1.113486846651406E-031  1.113486846651406E-031
  0.000000000000000E+000  1.113486846651403E-031  1.113486846651402E-031
  1.113486846651404E-031  1.113486846651406E-031  1.113486846651402E-031
  1.113486846651406E-031  1.113486846651415E-031  1.113486846651415E-031
  1.113486846651406E-031  1.113486846651406E-031  1.113486846651406E-031
  1.113486846651406E-031  1.113486846651406E-031  1.113486846651406E-031
  0.000000000000000E+000  5.580739981823478E-031  5.580739981823471E-031
  5.580739981823483E-031  5.580739981823492E-031  5.580739981823471E-031
  5.580739981823492E-031  5.580739981823534E-031  5.580739981823534E-031
  5.580739981823491E-031  5.580739981823491E-031  5.580739981823491E-031
  5.580739981823492E-031  5.580739981823492E-031  5.580739981823492E-031
  0.000000000000000E+000  5.580739981823478E-031  5.580739981823471E-031
  5.580739981823483E-031  5.580739981823492E-031  5.580739981823471E-031
  5.580739981823492E-031  5.580739981823534E-031  5.580739981823534E-031
  5.580739981823491E-031  5.580739981823491E-031  5.580739981823491E-031
  5.580739981823492E-031  5.580739981823492E-031  5.580739981823492E-031
  0.000000000000000E+000  5.580739981823478E-031  5.580739981823471E-031
  5.580739981823483E-031  5.580739981823492E-031  5.580739981823471E-031
  5.580739981823492E-031  5.580739981823534E-031  5.580739981823534E-031
  5.580739981823491E-031  5.580739981823491E-031  5.580739981823491E-031
  5.580739981823492E-031  5.580739981823492E-031  5.580739981823492E-031
  0.000000000000000E+000 -6.929280243840723E-032 -6.929280243840716E-032
 -6.929280243840727E-032 -6.929280243840741E-032 -6.929280243840716E-032
 -6.929280243840741E-032 -6.929280243840793E-032 -6.929280243840793E-032
 -6.929280243840741E-032 -6.929280243840741E-032 -6.929280243840741E-032
 -6.929280243840741E-032 -6.929280243840741E-032 -6.929280243840741E-032
  0.000000000000000E+000 -6.929280243840723E-032 -6.929280243840716E-032
 -6.929280243840727E-032 -6.929280243840741E-032 -6.929280243840716E-032
 -6.929280243840741E-032 -6.929280243840793E-032 -6.929280243840793E-032
 -6.929280243840741E-032 -6.929280243840741E-032 -6.929280243840741E-032
 -6.929280243840741E-032 -6.929280243840741E-032 -6.929280243840741E-032
  0.000000000000000E+000 -6.929280243840723E-032 -6.929280243840716E-032
 -6.929280243840727E-032 -6.929280243840741E-032 -6.929280243840716E-032
 -6.929280243840741E-032 -6.929280243840793E-032 -6.929280243840793E-032
 -6.929280243840741E-032 -6.929280243840741E-032 -6.929280243840741E-032
 -6.929280243840741E-032 -6.929280243840741E-032 -6.929280243840741E-032
  0.000000000000000E+000  8.993095294333102E-031  8.993095294333091E-031
  8.993095294333111E-031  8.993095294333125E-031  8.993095294333091E-031
  8.993095294333125E-031  8.993095294333191E-031  8.993095294333191E-031
  8.993095294333125E-031  8.993095294333125E-031  8.993095294333125E-031
  8.993095294333125E-031  8.993095294333125E-031  8.993095294333125E-031
  0.000000000000000E+000  3.529401111825698E-031  3.529401111825694E-031
  3.529401111825701E-031  3.529401111825709E-031  3.529401111825695E-031
  3.529401111825709E-031  3.529401111825733E-031  3.529401111825733E-031
  3.529401111825709E-031  3.529401111825709E-031  3.529401111825709E-031
  3.529401111825709E-031  3.529401111825709E-031  3.529401111825709E-031
  0.000000000000000E+000 -3.831167329121276E-031 -3.831167329121273E-031
 -3.831167329121281E-031 -3.831167329121286E-031 -3.831167329121273E-031
 -3.831167329121286E-031 -3.831167329121316E-031 -3.831167329121316E-031
 -3.831167329121286E-031 -3.831167329121286E-031 -3.831167329121286E-031
 -3.831167329121286E-031 -3.831167329121286E-031 -3.831167329121286E-031
  0.000000000000000E+000  3.313361089813618E-032  3.313361089813613E-032
  3.313361089813620E-032  3.313361089813627E-032  3.313361089813614E-032
  3.313361089813627E-032  3.313361089813652E-032  3.313361089813652E-032
  3.313361089813627E-032  3.313361089813627E-032  3.313361089813627E-032
  3.313361089813627E-032  3.313361089813627E-032  3.313361089813627E-032
  0.000000000000000E+000  2.088741095002135E-032  2.088741095002133E-032
  2.088741095002137E-032  2.088741095002141E-032  2.088741095002133E-032
  2.088741095002141E-032  2.088741095002157E-032  2.088741095002157E-032
  2.088741095002141E-032  2.088741095002141E-032  2.088741095002141E-032
  2.088741095002141E-032  2.088741095002141E-032  2.088741095002141E-032
  0.000000000000000E+000 -3.831167329121277E-031 -3.831167329121274E-031
 -3.831167329121279E-031 -3.831167329121288E-031 -3.831167329121273E-031
 -3.831167329121288E-031 -3.831167329121316E-031 -3.831167329121316E-031
 -3.831167329121287E-031 -3.831167329121287E-031 -3.831167329121287E-031
 -3.831167329121288E-031 -3.831167329121288E-031 -3.831167329121288E-031
  0.000000000000000E+000  2.088741095002135E-032  2.088741095002133E-032
  2.088741095002137E-032  2.088741095002141E-032  2.088741095002133E-032
  2.088741095002141E-032  2.088741095002157E-032  2.088741095002157E-032
  2.088741095002141E-032  2.088741095002141E-032  2.088741095002141E-032
  2.088741095002141E-032  2.088741095002141E-032  2.088741095002141E-032
  0.000000000000000E+000  2.015288980535694E-031  2.015288980535692E-031
  2.015288980535696E-031  2.015288980535700E-031  2.015288980535692E-031
  2.015288980535700E-031  2.015288980535715E-031  2.015288980535715E-031
  2.015288980535700E-031  2.015288980535700E-031  2.015288980535700E-031
  2.015288980535700E-031  2.015288980535700E-031  2.015288980535700E-031
  0.000000000000000E+000  2.015288980535694E-031  2.015288980535692E-031
  2.015288980535696E-031  2.015288980535700E-031  2.015288980535692E-031
  2.015288980535700E-031  2.015288980535715E-031  2.015288980535715E-031
  2.015288980535700E-031  2.015288980535700E-031  2.015288980535700E-031
  2.015288980535700E-031  2.015288980535700E-031  2.015288980535700E-031
  0.000000000000000E+000  2.088741095002135E-032  2.088741095002133E-032
  2.088741095002137E-032  2.088741095002141E-032  2.088741095002133E-032
  2.088741095002141E-032  2.088741095002157E-032  2.088741095002157E-032
  2.088741095002141E-032  2.088741095002141E-032  2.088741095002141E-032
  2.088741095002141E-032  2.088741095002141E-032  2.088741095002141E-032
  0.000000000000000E+000  2.088741095002135E-032  2.088741095002133E-032
  2.088741095002137E-032  2.088741095002141E-032  2.088741095002133E-032
  2.088741095002141E-032  2.088741095002157E-032  2.088741095002157E-032
  2.088741095002141E-032  2.088741095002141E-032  2.088741095002141E-032
  2.088741095002141E-032  2.088741095002141E-032  2.088741095002141E-032
  0.000000000000000E+000  2.088741095002135E-032  2.088741095002133E-032
  2.088741095002137E-032  2.088741095002141E-032  2.088741095002133E-032
  2.088741095002141E-032  2.088741095002157E-032  2.088741095002157E-032
  2.088741095002141E-032  2.088741095002141E-032  2.088741095002141E-032
  2.088741095002141E-032  2.088741095002141E-032  2.088741095002141E-032
  0.000000000000000E+000  2.088741095002135E-032  2.088741095002133E-032
  2.088741095002137E-032  2.088741095002141E-032  2.088741095002133E-032
  2.088741095002141E-032  2.088741095002157E-032  2.088741095002157E-032
  2.088741095002141E-032  2.088741095002141E-032  2.088741095002141E-032
  2.088741095002141E-032  2.088741095002141E-032  2.088741095002141E-032
  0.000000000000000E+000  2.088741095002135E-032  2.088741095002133E-032
  2.088741095002137E-032  2.088741095002141E-032  2.088741095002133E-032
  2.088741095002141E-032  2.088741095002157E-032  2.088741095002157E-032
  2.088741095002141E-032  2.088741095002141E-032  2.088741095002141E-032
  2.088741095002141E-032  2.088741095002141E-032  2.088741095002141E-032
  0.000000000000000E+000  2.088741095002135E-032  2.088741095002133E-032
  2.088741095002137E-032  2.088741095002141E-032  2.088741095002133E-032
  2.088741095002141E-032  2.088741095002157E-032  2.088741095002157E-032
  2.088741095002141E-032  2.088741095002141E-032  2.088741095002141E-032
  2.088741095002141E-032  2.088741095002141E-032  2.088741095002141E-032
  0.000000000000000E+000  5.409492592561059E-031  5.409492592561053E-031
  5.409492592561062E-031  5.409492592561072E-031  5.409492592561053E-031
  5.409492592561072E-031  5.409492592561113E-031  5.409492592561113E-031
  5.409492592561072E-031  5.409492592561072E-031  5.409492592561072E-031
  5.409492592561072E-031  5.409492592561072E-031  5.409492592561072E-031
  0.000000000000000E+000 -4.855431462486721E-031 -4.855431462486714E-031
 -4.855431462486725E-031 -4.855431462486735E-031 -4.855431462486714E-031
 -4.855431462486735E-031 -4.855431462486770E-031 -4.855431462486770E-031
 -4.855431462486735E-031 -4.855431462486735E-031 -4.855431462486735E-031
 -4.855431462486735E-031 -4.855431462486735E-031 -4.855431462486735E-031
  0.000000000000000E+000  3.313361089813617E-032  3.313361089813613E-032
  3.313361089813620E-032  3.313361089813627E-032  3.313361089813614E-032
  3.313361089813627E-032  3.313361089813652E-032  3.313361089813652E-032
  3.313361089813627E-032  3.313361089813627E-032  3.313361089813627E-032
  3.313361089813627E-032  3.313361089813627E-032  3.313361089813627E-032
  0.000000000000000E+000 -1.779828459123528E-031 -1.779828459123526E-031
 -1.779828459123529E-031 -1.779828459123533E-031 -1.779828459123526E-031
 -1.779828459123533E-031 -1.779828459123547E-031 -1.779828459123547E-031
 -1.779828459123533E-031 -1.779828459123533E-031 -1.779828459123533E-031
 -1.779828459123533E-031 -1.779828459123533E-031 -1.779828459123533E-031
  0.000000000000000E+000  2.382674978979130E-031  2.382674978979128E-031
  2.382674978979132E-031  2.382674978979136E-031  2.382674978979128E-031
  2.382674978979136E-031  2.382674978979154E-031  2.382674978979154E-031
  2.382674978979136E-031  2.382674978979136E-031  2.382674978979136E-031
  2.382674978979136E-031  2.382674978979136E-031  2.382674978979136E-031
  0.000000000000000E+000  3.313361089813618E-032  3.313361089813613E-032
  3.313361089813621E-032  3.313361089813627E-032  3.313361089813614E-032
  3.313361089813627E-032  3.313361089813652E-032  3.313361089813652E-032
  3.313361089813627E-032  3.313361089813627E-032  3.313361089813627E-032
  3.313361089813627E-032  3.313361089813627E-032  3.313361089813627E-032
  0.000000000000000E+000  2.382674978979130E-031  2.382674978979128E-031
  2.382674978979132E-031  2.382674978979136E-031  2.382674978979128E-031
  2.382674978979136E-031  2.382674978979154E-031  2.382674978979154E-031
  2.382674978979136E-031  2.382674978979136E-031  2.382674978979136E-031
  2.382674978979136E-031  2.382674978979136E-031  2.382674978979136E-031
  0.000000000000000E+000  4.189089850014631E-031  4.189089850014627E-031
  4.189089850014635E-031  4.189089850014643E-031  4.189089850014627E-031
  4.189089850014643E-031  4.189089850014675E-031  4.189089850014675E-031
  4.189089850014643E-031  4.189089850014643E-031  4.189089850014643E-031
  4.189089850014643E-031  4.189089850014643E-031  4.189089850014643E-031
  0.000000000000000E+000  4.189089850014631E-031  4.189089850014627E-031
  4.189089850014635E-031  4.189089850014643E-031  4.189089850014627E-031
  4.189089850014643E-031  4.189089850014675E-031  4.189089850014675E-031
  4.189089850014643E-031  4.189089850014643E-031  4.189089850014643E-031
  4.189089850014643E-031  4.189089850014643E-031  4.189089850014643E-031
  0.000000000000000E+000  2.382674978979130E-031  2.382674978979128E-031
  2.382674978979132E-031  2.382674978979137E-031  2.382674978979128E-031
  2.382674978979137E-031  2.382674978979155E-031  2.382674978979155E-031
  2.382674978979137E-031  2.382674978979137E-031  2.382674978979137E-031
  2.382674978979137E-031  2.382674978979137E-031  2.382674978979137E-031
  0.000000000000000E+000  2.382674978979130E-031  2.382674978979128E-031
  2.382674978979132E-031  2.382674978979137E-031  2.382674978979128E-031
  2.382674978979137E-031  2.382674978979155E-031  2.382674978979155E-031
  2.382674978979137E-031  2.382674978979137E-031  2.382674978979137E-031
  2.382674978979137E-031  2.382674978979137E-031  2.382674978979137E-031
  0.000000000000000E+000  2.382674978979130E-031  2.382674978979128E-031
  2.382674978979132E-031  2.382674978979137E-031  2.382674978979128E-031
  2.382674978979137E-031  2.382674978979155E-031  2.382674978979155E-031
  2.382674978979137E-031  2.382674978979137E-031  2.382674978979137E-031
  2.382674978979137E-031  2.382674978979137E-031  2.382674978979137E-031
  0.000000000000000E+000  2.382674978979130E-031  2.382674978979128E-031
  2.382674978979132E-031  2.382674978979136E-031  2.382674978979128E-031
  2.382674978979136E-031  2.382674978979154E-031  2.382674978979154E-031
  2.382674978979136E-031  2.382674978979136E-031  2.382674978979136E-031
  2.382674978979136E-031  2.382674978979136E-031  2.382674978979136E-031
  0.000000000000000E+000  2.382674978979130E-031  2.382674978979128E-031
  2.382674978979132E-031  2.382674978979136E-031  2.382674978979128E-031
  2.382674978979136E-031  2.382674978979154E-031  2.382674978979154E-031
  2.382674978979136E-031  2.382674978979136E-031  2.382674978979136E-031
  2.382674978979136E-031  2.382674978979136E-031  2.382674978979136E-031
  0.000000000000000E+000  2.382674978979130E-031  2.382674978979128E-031
  2.382674978979132E-031  2.382674978979136E-031  2.382674978979128E-031
  2.382674978979136E-031  2.382674978979154E-031  2.382674978979154E-031
  2.382674978979136E-031  2.382674978979136E-031  2.382674978979136E-031
  2.382674978979136E-031  2.382674978979136E-031  2.382674978979136E-031
  0.000000000000000E+000  6.524032871698783E-031  6.524032871698776E-031
  6.524032871698789E-031  6.524032871698800E-031  6.524032871698776E-031
  6.524032871698800E-031  6.524032871698851E-031  6.524032871698851E-031
  6.524032871698800E-031  6.524032871698800E-031  6.524032871698800E-031
  6.524032871698800E-031  6.524032871698800E-031  6.524032871698800E-031
  0.000000000000000E+000 -6.929280243840724E-032 -6.929280243840716E-032
 -6.929280243840729E-032 -6.929280243840741E-032 -6.929280243840716E-032
 -6.929280243840741E-032 -6.929280243840793E-032 -6.929280243840793E-032
 -6.929280243840741E-032 -6.929280243840741E-032 -6.929280243840741E-032
 -6.929280243840741E-032 -6.929280243840741E-032 -6.929280243840741E-032
  0.000000000000000E+000  2.088741095002135E-032  2.088741095002133E-032
  2.088741095002137E-032  2.088741095002141E-032  2.088741095002133E-032
  2.088741095002141E-032  2.088741095002157E-032  2.088741095002157E-032
  2.088741095002141E-032  2.088741095002141E-032  2.088741095002141E-032
  2.088741095002141E-032  2.088741095002141E-032  2.088741095002141E-032
  0.000000000000000E+000  2.382674978979131E-031  2.382674978979128E-031
  2.382674978979132E-031  2.382674978979137E-031  2.382674978979128E-031
  2.382674978979137E-031  2.382674978979154E-031  2.382674978979154E-031
  2.382674978979137E-031  2.382674978979137E-031  2.382674978979137E-031
  2.382674978979137E-031  2.382674978979137E-031  2.382674978979137E-031
  0.000000000000000E+000  8.533880985705551E-031  8.533880985705544E-031
  8.533880985705561E-031  8.533880985705575E-031  8.533880985705542E-031
  8.533880985705575E-031  8.533880985705640E-031  8.533880985705640E-031
  8.533880985705575E-031  8.533880985705575E-031  8.533880985705575E-031
  8.533880985705575E-031  8.533880985705575E-031  8.533880985705575E-031
  0.000000000000000E+000  2.088741095002135E-032  2.088741095002134E-032
  2.088741095002137E-032  2.088741095002141E-032  2.088741095002133E-032
  2.088741095002141E-032  2.088741095002157E-032  2.088741095002157E-032
  2.088741095002141E-032  2.088741095002141E-032  2.088741095002141E-032
  2.088741095002141E-032  2.088741095002141E-032  2.088741095002141E-032
  0.000000000000000E+000  8.533880985705551E-031  8.533880985705544E-031
  8.533880985705561E-031  8.533880985705575E-031  8.533880985705542E-031
  8.533880985705575E-031  8.533880985705640E-031  8.533880985705640E-031
  8.533880985705575E-031  8.533880985705575E-031  8.533880985705575E-031
  8.533880985705575E-031  8.533880985705575E-031  8.533880985705575E-031
  0.000000000000000E+000  4.066627850533488E-031  4.066627850533484E-031
  4.066627850533491E-031  4.066627850533500E-031  4.066627850533484E-031
  4.066627850533500E-031  4.066627850533530E-031  4.066627850533530E-031
  4.066627850533501E-031  4.066627850533501E-031  4.066627850533501E-031
  4.066627850533500E-031  4.066627850533500E-031  4.066627850533500E-031
  0.000000000000000E+000  4.066627850533488E-031  4.066627850533484E-031
  4.066627850533491E-031  4.066627850533500E-031  4.066627850533484E-031
  4.066627850533500E-031  4.066627850533530E-031  4.066627850533530E-031
  4.066627850533501E-031  4.066627850533501E-031  4.066627850533501E-031
  4.066627850533500E-031  4.066627850533500E-031  4.066627850533500E-031
  0.000000000000000E+000 -4.013455026709582E-031 -4.013455026709578E-031
 -4.013455026709585E-031 -4.013455026709593E-031 -4.013455026709578E-031
 -4.013455026709593E-031 -4.013455026709623E-031 -4.013455026709623E-031
 -4.013455026709593E-031 -4.013455026709593E-031 -4.013455026709593E-031
 -4.013455026709593E-031 -4.013455026709593E-031 -4.013455026709593E-031
  0.000000000000000E+000 -4.013455026709582E-031 -4.013455026709578E-031
 -4.013455026709585E-031 -4.013455026709593E-031 -4.013455026709578E-031
 -4.013455026709593E-031 -4.013455026709623E-031 -4.013455026709623E-031
 -4.013455026709593E-031 -4.013455026709593E-031 -4.013455026709593E-031
 -4.013455026709593E-031 -4.013455026709593E-031 -4.013455026709593E-031
  0.000000000000000E+000 -4.013455026709582E-031 -4.013455026709578E-031
 -4.013455026709585E-031 -4.013455026709593E-031 -4.013455026709578E-031
 -4.013455026709593E-031 -4.013455026709623E-031 -4.013455026709623E-031
 -4.013455026709593E-031 -4.013455026709593E-031 -4.013455026709593E-031
 -4.013455026709593E-031 -4.013455026709593E-031 -4.013455026709593E-031
  0.000000000000000E+000  8.533880985705551E-031  8.533880985705544E-031
  8.533880985705561E-031  8.533880985705575E-031  8.533880985705542E-031
  8.533880985705575E-031  8.533880985705640E-031  8.533880985705640E-031
  8.533880985705575E-031  8.533880985705575E-031  8.533880985705575E-031
  8.533880985705575E-031  8.533880985705575E-031  8.533880985705575E-031
  0.000000000000000E+000  8.533880985705551E-031  8.533880985705544E-031
  8.533880985705561E-031  8.533880985705575E-031  8.533880985705542E-031
  8.533880985705575E-031  8.533880985705640E-031  8.533880985705640E-031
  8.533880985705575E-031  8.533880985705575E-031  8.533880985705575E-031
  8.533880985705575E-031  8.533880985705575E-031  8.533880985705575E-031
  0.000000000000000E+000  8.533880985705551E-031  8.533880985705544E-031
  8.533880985705561E-031  8.533880985705575E-031  8.533880985705542E-031
  8.533880985705575E-031  8.533880985705640E-031  8.533880985705640E-031
  8.533880985705575E-031  8.533880985705575E-031  8.533880985705575E-031
  8.533880985705575E-031  8.533880985705575E-031  8.533880985705575E-031
  0.000000000000000E+000  6.524032871698783E-031  6.524032871698776E-031
  6.524032871698789E-031  6.524032871698800E-031  6.524032871698776E-031
  6.524032871698800E-031  6.524032871698851E-031  6.524032871698851E-031
  6.524032871698800E-031  6.524032871698800E-031  6.524032871698800E-031
  6.524032871698800E-031  6.524032871698800E-031  6.524032871698800E-031
  0.000000000000000E+000 -6.929280243840724E-032 -6.929280243840716E-032
 -6.929280243840729E-032 -6.929280243840741E-032 -6.929280243840716E-032
 -6.929280243840741E-032 -6.929280243840793E-032 -6.929280243840793E-032
 -6.929280243840741E-032 -6.929280243840741E-032 -6.929280243840741E-032
 -6.929280243840741E-032 -6.929280243840741E-032 -6.929280243840741E-032
  0.000000000000000E+000  2.088741095002135E-032  2.088741095002133E-032
  2.088741095002137E-032  2.088741095002141E-032  2.088741095002133E-032
  2.088741095002141E-032  2.088741095002157E-032  2.088741095002157E-032
  2.088741095002141E-032  2.088741095002141E-032  2.088741095002141E-032
  2.088741095002141E-032  2.088741095002141E-032  2.088741095002141E-032
  0.000000000000000E+000  2.382674978979131E-031  2.382674978979128E-031
  2.382674978979132E-031  2.382674978979137E-031  2.382674978979128E-031
  2.382674978979137E-031  2.382674978979154E-031  2.382674978979154E-031
  2.382674978979137E-031  2.382674978979137E-031  2.382674978979137E-031
  2.382674978979137E-031  2.382674978979137E-031  2.382674978979137E-031
  0.000000000000000E+000  8.533880985705551E-031  8.533880985705544E-031
  8.533880985705561E-031  8.533880985705575E-031  8.533880985705542E-031
  8.533880985705575E-031  8.533880985705640E-031  8.533880985705640E-031
  8.533880985705575E-031  8.533880985705575E-031  8.533880985705575E-031
  8.533880985705575E-031  8.533880985705575E-031  8.533880985705575E-031
  0.000000000000000E+000  2.088741095002135E-032  2.088741095002134E-032
  2.088741095002137E-032  2.088741095002141E-032  2.088741095002133E-032
  2.088741095002141E-032  2.088741095002157E-032  2.088741095002157E-032
  2.088741095002141E-032  2.088741095002141E-032  2.088741095002141E-032
  2.088741095002141E-032  2.088741095002141E-032  2.088741095002141E-032
  0.000000000000000E+000  8.533880985705551E-031  8.533880985705544E-031
  8.533880985705561E-031  8.533880985705575E-031  8.533880985705542E-031
  8.533880985705575E-031  8.533880985705640E-031  8.533880985705640E-031
  8.533880985705575E-031  8.533880985705575E-031  8.533880985705575E-031
  8.533880985705575E-031  8.533880985705575E-031  8.533880985705575E-031
  0.000000000000000E+000  4.066627850533488E-031  4.066627850533484E-031
  4.066627850533491E-031  4.066627850533500E-031  4.066627850533484E-031
  4.066627850533500E-031  4.066627850533530E-031  4.066627850533530E-031
  4.066627850533501E-031  4.066627850533501E-031  4.066627850533501E-031
  4.066627850533500E-031  4.066627850533500E-031  4.066627850533500E-031
  0.000000000000000E+000  4.066627850533488E-031  4.066627850533484E-031
  4.066627850533491E-031  4.066627850533500E-031  4.066627850533484E-031
  4.066627850533500E-031  4.066627850533530E-031  4.066627850533530E-031
  4.066627850533501E-031  4.066627850533501E-031  4.066627850533501E-031
  4.066627850533500E-031  4.066627850533500E-031  4.066627850533500E-031
  0.000000000000000E+000 -4.013455026709582E-031 -4.013455026709578E-031
 -4.013455026709585E-031 -4.013455026709593E-031 -4.013455026709578E-031
 -4.013455026709593E-031 -4.013455026709623E-031 -4.013455026709623E-031
 -4.013455026709593E-031 -4.013455026709593E-031 -4.013455026709593E-031
 -4.013455026709593E-031 -4.013455026709593E-031 -4.013455026709593E-031
  0.000000000000000E+000 -4.013455026709582E-031 -4.013455026709578E-031
 -4.013455026709585E-031 -4.013455026709593E-031 -4.013455026709578E-031
 -4.013455026709593E-031 -4.013455026709623E-031 -4.013455026709623E-031
 -4.013455026709593E-031 -4.013455026709593E-031 -4.013455026709593E-031
 -4.013455026709593E-031 -4.013455026709593E-031 -4.013455026709593E-031
  0.000000000000000E+000 -4.013455026709582E-031 -4.013455026709578E-031
 -4.013455026709585E-031 -4.013455026709593E-031 -4.013455026709578E-031
 -4.013455026709593E-031 -4.013455026709623E-031 -4.013455026709623E-031
 -4.013455026709593E-031 -4.013455026709593E-031 -4.013455026709593E-031
 -4.013455026709593E-031 -4.013455026709593E-031 -4.013455026709593E-031
  0.000000000000000E+000  8.533880985705551E-031  8.533880985705544E-031
  8.533880985705561E-031  8.533880985705575E-031  8.533880985705542E-031
  8.533880985705575E-031  8.533880985705640E-031  8.533880985705640E-031
  8.533880985705575E-031  8.533880985705575E-031  8.533880985705575E-031
  8.533880985705575E-031  8.533880985705575E-031  8.533880985705575E-031
  0.000000000000000E+000  8.533880985705551E-031  8.533880985705544E-031
  8.533880985705561E-031  8.533880985705575E-031  8.533880985705542E-031
  8.533880985705575E-031  8.533880985705640E-031  8.533880985705640E-031
  8.533880985705575E-031  8.533880985705575E-031  8.533880985705575E-031
  8.533880985705575E-031  8.533880985705575E-031  8.533880985705575E-031
  0.000000000000000E+000  8.533880985705551E-031  8.533880985705544E-031
  8.533880985705561E-031  8.533880985705575E-031  8.533880985705542E-031
  8.533880985705575E-031  8.533880985705640E-031  8.533880985705640E-031
  8.533880985705575E-031  8.533880985705575E-031  8.533880985705575E-031
  8.533880985705575E-031  8.533880985705575E-031  8.533880985705575E-031
  0.000000000000000E+000  6.524032871698783E-031  6.524032871698776E-031
  6.524032871698789E-031  6.524032871698800E-031  6.524032871698776E-031
  6.524032871698800E-031  6.524032871698851E-031  6.524032871698851E-031
  6.524032871698800E-031  6.524032871698800E-031  6.524032871698800E-031
  6.524032871698800E-031  6.524032871698800E-031  6.524032871698800E-031
  0.000000000000000E+000 -6.929280243840724E-032 -6.929280243840716E-032
 -6.929280243840729E-032 -6.929280243840741E-032 -6.929280243840716E-032
 -6.929280243840741E-032 -6.929280243840793E-032 -6.929280243840793E-032
 -6.929280243840741E-032 -6.929280243840741E-032 -6.929280243840741E-032
 -6.929280243840741E-032 -6.929280243840741E-032 -6.929280243840741E-032
  0.000000000000000E+000  2.088741095002135E-032  2.088741095002133E-032
  2.088741095002137E-032  2.088741095002141E-032  2.088741095002133E-032
  2.088741095002141E-032  2.088741095002157E-032  2.088741095002157E-032
  2.088741095002141E-032  2.088741095002141E-032  2.088741095002141E-032
  2.088741095002141E-032  2.088741095002141E-032  2.088741095002141E-032
  0.000000000000000E+000  2.382674978979131E-031  2.382674978979128E-031
  2.382674978979132E-031  2.382674978979137E-031  2.382674978979128E-031
  2.382674978979137E-031  2.382674978979154E-031  2.382674978979154E-031
  2.382674978979137E-031  2.382674978979137E-031  2.382674978979137E-031
  2.382674978979137E-031  2.382674978979137E-031  2.382674978979137E-031
  0.000000000000000E+000  8.533880985705551E-031  8.533880985705544E-031
  8.533880985705561E-031  8.533880985705575E-031  8.533880985705542E-031
  8.533880985705575E-031  8.533880985705640E-031  8.533880985705640E-031
  8.533880985705575E-031  8.533880985705575E-031  8.533880985705575E-031
  8.533880985705575E-031  8.533880985705575E-031  8.533880985705575E-031
  0.000000000000000E+000  2.088741095002135E-032  2.088741095002134E-032
  2.088741095002137E-032  2.088741095002141E-032  2.088741095002133E-032
  2.088741095002141E-032  2.088741095002157E-032  2.088741095002157E-032
  2.088741095002141E-032  2.088741095002141E-032  2.088741095002141E-032
  2.088741095002141E-032  2.088741095002141E-032  2.088741095002141E-032
  0.000000000000000E+000  8.533880985705551E-031  8.533880985705544E-031
  8.533880985705561E-031  8.533880985705575E-031  8.533880985705542E-031
  8.533880985705575E-031  8.533880985705640E-031  8.533880985705640E-031
  8.533880985705575E-031  8.533880985705575E-031  8.533880985705575E-031
  8.533880985705575E-031  8.533880985705575E-031  8.533880985705575E-031
  0.000000000000000E+000  4.066627850533488E-031  4.066627850533484E-031
  4.066627850533491E-031  4.066627850533500E-031  4.066627850533484E-031
  4.066627850533500E-031  4.066627850533530E-031  4.066627850533530E-031
  4.066627850533501E-031  4.066627850533501E-031  4.066627850533501E-031
  4.066627850533500E-031  4.066627850533500E-031  4.066627850533500E-031
  0.000000000000000E+000  4.066627850533488E-031  4.066627850533484E-031
  4.066627850533491E-031  4.066627850533500E-031  4.066627850533484E-031
  4.066627850533500E-031  4.066627850533530E-031  4.066627850533530E-031
  4.066627850533501E-031  4.066627850533501E-031  4.066627850533501E-031
  4.066627850533500E-031  4.066627850533500E-031  4.066627850533500E-031
  0.000000000000000E+000 -4.013455026709582E-031 -4.013455026709578E-031
 -4.013455026709585E-031 -4.013455026709593E-031 -4.013455026709578E-031
 -4.013455026709593E-031 -4.013455026709623E-031 -4.013455026709623E-031
 -4.013455026709593E-031 -4.013455026709593E-031 -4.013455026709593E-031
 -4.013455026709593E-031 -4.013455026709593E-031 -4.013455026709593E-031
  0.000000000000000E+000 -4.013455026709582E-031 -4.013455026709578E-031
 -4.013455026709585E-031 -4.013455026709593E-031 -4.013455026709578E-031
 -4.013455026709593E-031 -4.013455026709623E-031 -4.013455026709623E-031
 -4.013455026709593E-031 -4.013455026709593E-031 -4.013455026709593E-031
 -4.013455026709593E-031 -4.013455026709593E-031 -4.013455026709593E-031
  0.000000000000000E+000 -4.013455026709582E-031 -4.013455026709578E-031
 -4.013455026709585E-031 -4.013455026709593E-031 -4.013455026709578E-031
 -4.013455026709593E-031 -4.013455026709623E-031 -4.013455026709623E-031
 -4.013455026709593E-031 -4.013455026709593E-031 -4.013455026709593E-031
 -4.013455026709593E-031 -4.013455026709593E-031 -4.013455026709593E-031
  0.000000000000000E+000  8.533880985705551E-031  8.533880985705544E-031
  8.533880985705561E-031  8.533880985705575E-031  8.533880985705542E-031
  8.533880985705575E-031  8.533880985705640E-031  8.533880985705640E-031
  8.533880985705575E-031  8.533880985705575E-031  8.533880985705575E-031
  8.533880985705575E-031  8.533880985705575E-031  8.533880985705575E-031
  0.000000000000000E+000  8.533880985705551E-031  8.533880985705544E-031
  8.533880985705561E-031  8.533880985705575E-031  8.533880985705542E-031
  8.533880985705575E-031  8.533880985705640E-031  8.533880985705640E-031
  8.533880985705575E-031  8.533880985705575E-031  8.533880985705575E-031
  8.533880985705575E-031  8.533880985705575E-031  8.533880985705575E-031
  0.000000000000000E+000  8.533880985705551E-031  8.533880985705544E-031
  8.533880985705561E-031  8.533880985705575E-031  8.533880985705542E-031
  8.533880985705575E-031  8.533880985705640E-031  8.533880985705640E-031
  8.533880985705575E-031  8.533880985705575E-031  8.533880985705575E-031
  8.533880985705575E-031  8.533880985705575E-031  8.533880985705575E-031
  0.000000000000000E+000  6.524032871698783E-031  6.524032871698776E-031
  6.524032871698789E-031  6.524032871698800E-031  6.524032871698776E-031
  6.524032871698800E-031  6.524032871698851E-031  6.524032871698851E-031
  6.524032871698800E-031  6.524032871698800E-031  6.524032871698800E-031
  6.524032871698800E-031  6.524032871698800E-031  6.524032871698800E-031
  0.000000000000000E+000 -6.929280243840724E-032 -6.929280243840716E-032
 -6.929280243840729E-032 -6.929280243840741E-032 -6.929280243840716E-032
 -6.929280243840741E-032 -6.929280243840793E-032 -6.929280243840793E-032
 -6.929280243840741E-032 -6.929280243840741E-032 -6.929280243840741E-032
 -6.929280243840741E-032 -6.929280243840741E-032 -6.929280243840741E-032
  0.000000000000000E+000  2.088741095002135E-032  2.088741095002133E-032
  2.088741095002137E-032  2.088741095002141E-032  2.088741095002133E-032
  2.088741095002141E-032  2.088741095002157E-032  2.088741095002157E-032
  2.088741095002141E-032  2.088741095002141E-032  2.088741095002141E-032
  2.088741095002141E-032  2.088741095002141E-032  2.088741095002141E-032
  0.000000000000000E+000  2.382674978979131E-031  2.382674978979128E-031
  2.382674978979132E-031  2.382674978979137E-031  2.382674978979128E-031
  2.382674978979137E-031  2.382674978979154E-031  2.382674978979154E-031
  2.382674978979137E-031  2.382674978979137E-031  2.382674978979137E-031
  2.382674978979137E-031  2.382674978979137E-031  2.382674978979137E-031
  0.000000000000000E+000  8.533880985705551E-031  8.533880985705544E-031
  8.533880985705561E-031  8.533880985705575E-031  8.533880985705542E-031
  8.533880985705575E-031  8.533880985705640E-031  8.533880985705640E-031
  8.533880985705575E-031  8.533880985705575E-031  8.533880985705575E-031
  8.533880985705575E-031  8.533880985705575E-031  8.533880985705575E-031
  0.000000000000000E+000  2.088741095002135E-032  2.088741095002134E-032
  2.088741095002137E-032  2.088741095002141E-032  2.088741095002133E-032
  2.088741095002141E-032  2.088741095002157E-032  2.088741095002157E-032
  2.088741095002141E-032  2.088741095002141E-032  2.088741095002141E-032
  2.088741095002141E-032  2.088741095002141E-032  2.088741095002141E-032
  0.000000000000000E+000  8.533880985705551E-031  8.533880985705544E-031
  8.533880985705561E-031  8.533880985705575E-031  8.533880985705542E-031
  8.533880985705575E-031  8.533880985705640E-031  8.533880985705640E-031
  8.533880985705575E-031  8.533880985705575E-031  8.533880985705575E-031
  8.533880985705575E-031  8.533880985705575E-031  8.533880985705575E-031
  0.000000000000000E+000  4.066627850533488E-031  4.066627850533484E-031
  4.066627850533491E-031  4.066627850533500E-031  4.066627850533484E-031
  4.066627850533500E-031  4.066627850533530E-031  4.066627850533530E-031
  4.066627850533501E-031  4.066627850533501E-031  4.066627850533501E-031
  4.066627850533500E-031  4.066627850533500E-031  4.066627850533500E-031
  0.000000000000000E+000  4.066627850533488E-031  4.066627850533484E-031
  4.066627850533491E-031  4.066627850533500E-031  4.066627850533484E-031
  4.066627850533500E-031  4.066627850533530E-031  4.066627850533530E-031
  4.066627850533501E-031  4.066627850533501E-031  4.066627850533501E-031
  4.066627850533500E-031  4.066627850533500E-031  4.066627850533500E-031
  0.000000000000000E+000 -4.013455026709582E-031 -4.013455026709578E-031
 -4.013455026709585E-031 -4.013455026709593E-031 -4.013455026709578E-031
 -4.013455026709593E-031 -4.013455026709623E-031 -4.013455026709623E-031
 -4.013455026709593E-031 -4.013455026709593E-031 -4.013455026709593E-031
 -4.013455026709593E-031 -4.013455026709593E-031 -4.013455026709593E-031
  0.000000000000000E+000 -4.013455026709582E-031 -4.013455026709578E-031
 -4.013455026709585E-031 -4.013455026709593E-031 -4.013455026709578E-031
 -4.013455026709593E-031 -4.013455026709623E-031 -4.013455026709623E-031
 -4.013455026709593E-031 -4.013455026709593E-031 -4.013455026709593E-031
 -4.013455026709593E-031 -4.013455026709593E-031 -4.013455026709593E-031
  0.000000000000000E+000 -4.013455026709582E-031 -4.013455026709578E-031
 -4.013455026709585E-031 -4.013455026709593E-031 -4.013455026709578E-031
 -4.013455026709593E-031 -4.013455026709623E-031 -4.013455026709623E-031
 -4.013455026709593E-031 -4.013455026709593E-031 -4.013455026709593E-031
 -4.013455026709593E-031 -4.013455026709593E-031 -4.013455026709593E-031
  0.000000000000000E+000  8.533880985705551E-031  8.533880985705544E-031
  8.533880985705561E-031  8.533880985705575E-031  8.533880985705542E-031
  8.533880985705575E-031  8.533880985705640E-031  8.533880985705640E-031
  8.533880985705575E-031  8.533880985705575E-031  8.533880985705575E-031
  8.533880985705575E-031  8.533880985705575E-031  8.533880985705575E-031
  0.000000000000000E+000  8.533880985705551E-031  8.533880985705544E-031
  8.533880985705561E-031  8.533880985705575E-031  8.533880985705542E-031
  8.533880985705575E-031  8.533880985705640E-031  8.533880985705640E-031
  8.533880985705575E-031  8.533880985705575E-031  8.533880985705575E-031
  8.533880985705575E-031  8.533880985705575E-031  8.533880985705575E-031
  0.000000000000000E+000  8.533880985705551E-031  8.533880985705544E-031
  8.533880985705561E-031  8.533880985705575E-031  8.533880985705542E-031
  8.533880985705575E-031  8.533880985705640E-031  8.533880985705640E-031
  8.533880985705575E-031  8.533880985705575E-031  8.533880985705575E-031
  8.533880985705575E-031  8.533880985705575E-031  8.533880985705575E-031
  0.000000000000000E+000 -1.299512445944628E-030 -1.299512445944626E-030
 -1.299512445944629E-030 -1.299512445944632E-030 -1.299512445944626E-030
 -1.299512445944632E-030 -1.299512445944641E-030 -1.299512445944641E-030
 -1.299512445944632E-030 -1.299512445944632E-030 -1.299512445944632E-030
 -1.299512445944632E-030 -1.299512445944632E-030 -1.299512445944632E-030
  0.000000000000000E+000  5.580739981823478E-031  5.580739981823470E-031
  5.580739981823483E-031  5.580739981823491E-031  5.580739981823470E-031
  5.580739981823491E-031  5.580739981823535E-031  5.580739981823535E-031
  5.580739981823492E-031  5.580739981823492E-031  5.580739981823492E-031
  5.580739981823491E-031  5.580739981823491E-031  5.580739981823491E-031
  0.000000000000000E+000  2.088741095002135E-032  2.088741095002133E-032
  2.088741095002137E-032  2.088741095002141E-032  2.088741095002133E-032
  2.088741095002141E-032  2.088741095002157E-032  2.088741095002157E-032
  2.088741095002141E-032  2.088741095002141E-032  2.088741095002141E-032
  2.088741095002141E-032  2.088741095002141E-032  2.088741095002141E-032
  0.000000000000000E+000  2.382674978979130E-031  2.382674978979127E-031
  2.382674978979132E-031  2.382674978979137E-031  2.382674978979127E-031
  2.382674978979137E-031  2.382674978979154E-031  2.382674978979154E-031
  2.382674978979137E-031  2.382674978979137E-031  2.382674978979137E-031
  2.382674978979137E-031  2.382674978979137E-031  2.382674978979137E-031
  0.000000000000000E+000 -4.013455026709581E-031 -4.013455026709578E-031
 -4.013455026709586E-031 -4.013455026709593E-031 -4.013455026709578E-031
 -4.013455026709593E-031 -4.013455026709623E-031 -4.013455026709623E-031
 -4.013455026709593E-031 -4.013455026709593E-031 -4.013455026709593E-031
 -4.013455026709593E-031 -4.013455026709593E-031 -4.013455026709593E-031
  0.000000000000000E+000  2.088741095002135E-032  2.088741095002133E-032
  2.088741095002137E-032  2.088741095002141E-032  2.088741095002133E-032
  2.088741095002141E-032  2.088741095002157E-032  2.088741095002157E-032
  2.088741095002141E-032  2.088741095002141E-032  2.088741095002141E-032
  2.088741095002141E-032  2.088741095002141E-032  2.088741095002141E-032
  0.000000000000000E+000 -4.013455026709581E-031 -4.013455026709578E-031
 -4.013455026709586E-031 -4.013455026709593E-031 -4.013455026709578E-031
 -4.013455026709593E-031 -4.013455026709623E-031 -4.013455026709623E-031
 -4.013455026709593E-031 -4.013455026709593E-031 -4.013455026709593E-031
 -4.013455026709593E-031 -4.013455026709593E-031 -4.013455026709593E-031
  0.000000000000000E+000 -2.207040155674126E-031 -2.207040155674123E-031
 -2.207040155674128E-031 -2.207040155674132E-031 -2.207040155674123E-031
 -2.207040155674132E-031 -2.207040155674149E-031 -2.207040155674149E-031
 -2.207040155674133E-031 -2.207040155674133E-031 -2.207040155674133E-031
 -2.207040155674132E-031 -2.207040155674132E-031 -2.207040155674132E-031
  0.000000000000000E+000 -2.207040155674126E-031 -2.207040155674123E-031
 -2.207040155674128E-031 -2.207040155674132E-031 -2.207040155674123E-031
 -2.207040155674132E-031 -2.207040155674149E-031 -2.207040155674149E-031
 -2.207040155674133E-031 -2.207040155674133E-031 -2.207040155674133E-031
 -2.207040155674132E-031 -2.207040155674132E-031 -2.207040155674132E-031
  0.000000000000000E+000  2.260212979497985E-031  2.260212979497983E-031
  2.260212979497987E-031  2.260212979497992E-031  2.260212979497983E-031
  2.260212979497992E-031  2.260212979498009E-031  2.260212979498009E-031
  2.260212979497992E-031  2.260212979497992E-031  2.260212979497992E-031
  2.260212979497992E-031  2.260212979497992E-031  2.260212979497992E-031
  0.000000000000000E+000  2.260212979497985E-031  2.260212979497983E-031
  2.260212979497987E-031  2.260212979497992E-031  2.260212979497983E-031
  2.260212979497992E-031  2.260212979498009E-031  2.260212979498009E-031
  2.260212979497992E-031  2.260212979497992E-031  2.260212979497992E-031
  2.260212979497992E-031  2.260212979497992E-031  2.260212979497992E-031
  0.000000000000000E+000  2.260212979497985E-031  2.260212979497983E-031
  2.260212979497987E-031  2.260212979497992E-031  2.260212979497983E-031
  2.260212979497992E-031  2.260212979498009E-031  2.260212979498009E-031
  2.260212979497992E-031  2.260212979497992E-031  2.260212979497992E-031
  2.260212979497992E-031  2.260212979497992E-031  2.260212979497992E-031
  0.000000000000000E+000 -4.013455026709581E-031 -4.013455026709578E-031
 -4.013455026709586E-031 -4.013455026709593E-031 -4.013455026709578E-031
 -4.013455026709593E-031 -4.013455026709623E-031 -4.013455026709623E-031
 -4.013455026709593E-031 -4.013455026709593E-031 -4.013455026709593E-031
 -4.013455026709593E-031 -4.013455026709593E-031 -4.013455026709593E-031
  0.000000000000000E+000 -4.013455026709581E-031 -4.013455026709578E-031
 -4.013455026709586E-031 -4.013455026709593E-031 -4.013455026709578E-031
 -4.013455026709593E-031 -4.013455026709623E-031 -4.013455026709623E-031
 -4.013455026709593E-031 -4.013455026709593E-031 -4.013455026709593E-031
 -4.013455026709593E-031 -4.013455026709593E-031 -4.013455026709593E-031
  0.000000000000000E+000 -4.013455026709581E-031 -4.013455026709578E-031
 -4.013455026709586E-031 -4.013455026709593E-031 -4.013455026709578E-031
 -4.013455026709593E-031 -4.013455026709623E-031 -4.013455026709623E-031
 -4.013455026709593E-031 -4.013455026709593E-031 -4.013455026709593E-031
 -4.013455026709593E-031 -4.013455026709593E-031 -4.013455026709593E-031
  0.000000000000000E+000 -1.299512445944628E-030 -1.299512445944626E-030
 -1.299512445944629E-030 -1.299512445944632E-030 -1.299512445944626E-030
 -1.299512445944632E-030 -1.299512445944641E-030 -1.299512445944641E-030
 -1.299512445944632E-030 -1.299512445944632E-030 -1.299512445944632E-030
 -1.299512445944632E-030 -1.299512445944632E-030 -1.299512445944632E-030
  0.000000000000000E+000  5.580739981823478E-031  5.580739981823470E-031
  5.580739981823483E-031  5.580739981823491E-031  5.580739981823470E-031
  5.580739981823491E-031  5.580739981823535E-031  5.580739981823535E-031
  5.580739981823492E-031  5.580739981823492E-031  5.580739981823492E-031
  5.580739981823491E-031  5.580739981823491E-031  5.580739981823491E-031
  0.000000000000000E+000  2.088741095002135E-032  2.088741095002133E-032
  2.088741095002137E-032  2.088741095002141E-032  2.088741095002133E-032
  2.088741095002141E-032  2.088741095002157E-032  2.088741095002157E-032
  2.088741095002141E-032  2.088741095002141E-032  2.088741095002141E-032
  2.088741095002141E-032  2.088741095002141E-032  2.088741095002141E-032
  0.000000000000000E+000  2.382674978979130E-031  2.382674978979127E-031
  2.382674978979132E-031  2.382674978979137E-031  2.382674978979127E-031
  2.382674978979137E-031  2.382674978979154E-031  2.382674978979154E-031
  2.382674978979137E-031  2.382674978979137E-031  2.382674978979137E-031
  2.382674978979137E-031  2.382674978979137E-031  2.382674978979137E-031
  0.000000000000000E+000 -4.013455026709581E-031 -4.013455026709578E-031
 -4.013455026709586E-031 -4.013455026709593E-031 -4.013455026709578E-031
 -4.013455026709593E-031 -4.013455026709623E-031 -4.013455026709623E-031
 -4.013455026709593E-031 -4.013455026709593E-031 -4.013455026709593E-031
 -4.013455026709593E-031 -4.013455026709593E-031 -4.013455026709593E-031
  0.000000000000000E+000  2.088741095002135E-032  2.088741095002133E-032
  2.088741095002137E-032  2.088741095002141E-032  2.088741095002133E-032
  2.088741095002141E-032  2.088741095002157E-032  2.088741095002157E-032
  2.088741095002141E-032  2.088741095002141E-032  2.088741095002141E-032
  2.088741095002141E-032  2.088741095002141E-032  2.088741095002141E-032
  0.000000000000000E+000 -4.013455026709581E-031 -4.013455026709578E-031
 -4.013455026709586E-031 -4.013455026709593E-031 -4.013455026709578E-031
 -4.013455026709593E-031 -4.013455026709623E-031 -4.013455026709623E-031
 -4.013455026709593E-031 -4.013455026709593E-031 -4.013455026709593E-031
 -4.013455026709593E-031 -4.013455026709593E-031 -4.013455026709593E-031
  0.000000000000000E+000 -2.207040155674126E-031 -2.207040155674123E-031
 -2.207040155674128E-031 -2.207040155674132E-031 -2.207040155674123E-031
 -2.207040155674132E-031 -2.207040155674149E-031 -2.207040155674149E-031
 -2.207040155674133E-031 -2.207040155674133E-031 -2.207040155674133E-031
 -2.207040155674132E-031 -2.207040155674132E-031 -2.207040155674132E-031
  0.000000000000000E+000 -2.207040155674126E-031 -2.207040155674123E-031
 -2.207040155674128E-031 -2.207040155674132E-031 -2.207040155674123E-031
 -2.207040155674132E-031 -2.207040155674149E-031 -2.207040155674149E-031
 -2.207040155674133E-031 -2.207040155674133E-031 -2.207040155674133E-031
 -2.207040155674132E-031 -2.207040155674132E-031 -2.207040155674132E-031
  0.000000000000000E+000  2.260212979497985E-031  2.260212979497983E-031
  2.260212979497987E-031  2.260212979497992E-031  2.260212979497983E-031
  2.260212979497992E-031  2.260212979498009E-031  2.260212979498009E-031
  2.260212979497992E-031  2.260212979497992E-031  2.260212979497992E-031
  2.260212979497992E-031  2.260212979497992E-031  2.260212979497992E-031
  0.000000000000000E+000  2.260212979497985E-031  2.260212979497983E-031
  2.260212979497987E-031  2.260212979497992E-031  2.260212979497983E-031
  2.260212979497992E-031  2.260212979498009E-031  2.260212979498009E-031
  2.260212979497992E-031  2.260212979497992E-031  2.260212979497992E-031
  2.260212979497992E-031  2.260212979497992E-031  2.260212979497992E-031
  0.000000000000000E+000  2.260212979497985E-031  2.260212979497983E-031
  2.260212979497987E-031  2.260212979497992E-031  2.260212979497983E-031
  2.260212979497992E-031  2.260212979498009E-031  2.260212979498009E-031
  2.260212979497992E-031  2.260212979497992E-031  2.260212979497992E-031
  2.260212979497992E-031  2.260212979497992E-031  2.260212979497992E-031
  0.000000000000000E+000 -4.013455026709581E-031 -4.013455026709578E-031
 -4.013455026709586E-031 -4.013455026709593E-031 -4.013455026709578E-031
 -4.013455026709593E-031 -4.013455026709623E-031 -4.013455026709623E-031
 -4.013455026709593E-031 -4.013455026709593E-031 -4.013455026709593E-031
 -4.013455026709593E-031 -4.013455026709593E-031 -4.013455026709593E-031
  0.000000000000000E+000 -4.013455026709581E-031 -4.013455026709578E-031
 -4.013455026709586E-031 -4.013455026709593E-031 -4.013455026709578E-031
 -4.013455026709593E-031 -4.013455026709623E-031 -4.013455026709623E-031
 -4.013455026709593E-031 -4.013455026709593E-031 -4.013455026709593E-031
 -4.013455026709593E-031 -4.013455026709593E-031 -4.013455026709593E-031
  0.000000000000000E+000 -4.013455026709581E-031 -4.013455026709578E-031
 -4.013455026709586E-031 -4.013455026709593E-031 -4.013455026709578E-031
 -4.013455026709593E-031 -4.013455026709623E-031 -4.013455026709623E-031
 -4.013455026709593E-031 -4.013455026709593E-031 -4.013455026709593E-031
 -4.013455026709593E-031 -4.013455026709593E-031 -4.013455026709593E-031
  0.000000000000000E+000 -1.299512445944628E-030 -1.299512445944626E-030
 -1.299512445944629E-030 -1.299512445944632E-030 -1.299512445944626E-030
 -1.299512445944632E-030 -1.299512445944641E-030 -1.299512445944641E-030
 -1.299512445944632E-030 -1.299512445944632E-030 -1.299512445944632E-030
 -1.299512445944632E-030 -1.299512445944632E-030 -1.299512445944632E-030
  0.000000000000000E+000  5.580739981823478E-031  5.580739981823470E-031
  5.580739981823483E-031  5.580739981823491E-031  5.580739981823470E-031
  5.580739981823491E-031  5.580739981823535E-031  5.580739981823535E-031
  5.580739981823492E-031  5.580739981823492E-031  5.580739981823492E-031
  5.580739981823491E-031  5.580739981823491E-031  5.580739981823491E-031
  0.000000000000000E+000  2.088741095002135E-032  2.088741095002133E-032
  2.088741095002137E-032  2.088741095002141E-032  2.088741095002133E-032
  2.088741095002141E-032  2.088741095002157E-032  2.088741095002157E-032
  2.088741095002141E-032  2.088741095002141E-032  2.088741095002141E-032
  2.088741095002141E-032  2.088741095002141E-032  2.088741095002141E-032
  0.000000000000000E+000  2.382674978979130E-031  2.382674978979127E-031
  2.382674978979132E-031  2.382674978979137E-031  2.382674978979127E-031
  2.382674978979137E-031  2.382674978979154E-031  2.382674978979154E-031
  2.382674978979137E-031  2.382674978979137E-031  2.382674978979137E-031
  2.382674978979137E-031  2.382674978979137E-031  2.382674978979137E-031
  0.000000000000000E+000 -4.013455026709581E-031 -4.013455026709578E-031
 -4.013455026709586E-031 -4.013455026709593E-031 -4.013455026709578E-031
 -4.013455026709593E-031 -4.013455026709623E-031 -4.013455026709623E-031
 -4.013455026709593E-031 -4.013455026709593E-031 -4.013455026709593E-031
 -4.013455026709593E-031 -4.013455026709593E-031 -4.013455026709593E-031
  0.000000000000000E+000  2.088741095002135E-032  2.088741095002133E-032
  2.088741095002137E-032  2.088741095002141E-032  2.088741095002133E-032
  2.088741095002141E-032  2.088741095002157E-032  2.088741095002157E-032
  2.088741095002141E-032  2.088741095002141E-032  2.088741095002141E-032
  2.088741095002141E-032  2.088741095002141E-032  2.088741095002141E-032
  0.000000000000000E+000 -4.013455026709581E-031 -4.013455026709578E-031
 -4.013455026709586E-031 -4.013455026709593E-031 -4.013455026709578E-031
 -4.013455026709593E-031 -4.013455026709623E-031 -4.013455026709623E-031
 -4.013455026709593E-031 -4.013455026709593E-031 -4.013455026709593E-031
 -4.013455026709593E-031 -4.013455026709593E-031 -4.013455026709593E-031
  0.000000000000000E+000 -2.207040155674126E-031 -2.207040155674123E-031
 -2.207040155674128E-031 -2.207040155674132E-031 -2.207040155674123E-031
 -2.207040155674132E-031 -2.207040155674149E-031 -2.207040155674149E-031
 -2.207040155674133E-031 -2.207040155674133E-031 -2.207040155674133E-031
 -2.207040155674132E-031 -2.207040155674132E-031 -2.207040155674132E-031
  0.000000000000000E+000 -2.207040155674126E-031 -2.207040155674123E-031
 -2.207040155674128E-031 -2.207040155674132E-031 -2.207040155674123E-031
 -2.207040155674132E-031 -2.207040155674149E-031 -2.207040155674149E-031
 -2.207040155674133E-031 -2.207040155674133E-031 -2.207040155674133E-031
 -2.207040155674132E-031 -2.207040155674132E-031 -2.207040155674132E-031
  0.000000000000000E+000  2.260212979497985E-031  2.260212979497983E-031
  2.260212979497987E-031  2.260212979497992E-031  2.260212979497983E-031
  2.260212979497992E-031  2.260212979498009E-031  2.260212979498009E-031
  2.260212979497992E-031  2.260212979497992E-031  2.260212979497992E-031
  2.260212979497992E-031  2.260212979497992E-031  2.260212979497992E-031
  0.000000000000000E+000  2.260212979497985E-031  2.260212979497983E-031
  2.260212979497987E-031  2.260212979497992E-031  2.260212979497983E-031
  2.260212979497992E-031  2.260212979498009E-031  2.260212979498009E-031
  2.260212979497992E-031  2.260212979497992E-031  2.260212979497992E-031
  2.260212979497992E-031  2.260212979497992E-031  2.260212979497992E-031
  0.000000000000000E+000  2.260212979497985E-031  2.260212979497983E-031
  2.260212979497987E-031  2.260212979497992E-031  2.260212979497983E-031
  2.260212979497992E-031  2.260212979498009E-031  2.260212979498009E-031
  2.260212979497992E-031  2.260212979497992E-031  2.260212979497992E-031
  2.260212979497992E-031  2.260212979497992E-031  2.260212979497992E-031
  0.000000000000000E+000 -4.013455026709581E-031 -4.013455026709578E-031
 -4.013455026709586E-031 -4.013455026709593E-031 -4.013455026709578E-031
 -4.013455026709593E-031 -4.013455026709623E-031 -4.013455026709623E-031
 -4.013455026709593E-031 -4.013455026709593E-031 -4.013455026709593E-031
 -4.013455026709593E-031 -4.013455026709593E-031 -4.013455026709593E-031
  0.000000000000000E+000 -4.013455026709581E-031 -4.013455026709578E-031
 -4.013455026709586E-031 -4.013455026709593E-031 -4.013455026709578E-031
 -4.013455026709593E-031 -4.013455026709623E-031 -4.013455026709623E-031
 -4.013455026709593E-031 -4.013455026709593E-031 -4.013455026709593E-031
 -4.013455026709593E-031 -4.013455026709593E-031 -4.013455026709593E-031
  0.000000000000000E+000 -4.013455026709581E-031 -4.013455026709578E-031
 -4.013455026709586E-031 -4.013455026709593E-031 -4.013455026709578E-031
 -4.013455026709593E-031 -4.013455026709623E-031 -4.013455026709623E-031
 -4.013455026709593E-031 -4.013455026709593E-031 -4.013455026709593E-031
 -4.013455026709593E-031 -4.013455026709593E-031 -4.013455026709593E-031
  0.000000000000000E+000  6.524032871698783E-031  6.524032871698776E-031
  6.524032871698789E-031  6.524032871698800E-031  6.524032871698776E-031
  6.524032871698800E-031  6.524032871698851E-031  6.524032871698851E-031
  6.524032871698800E-031  6.524032871698800E-031  6.524032871698800E-031
  6.524032871698800E-031  6.524032871698800E-031  6.524032871698800E-031
  0.000000000000000E+000 -6.929280243840724E-032 -6.929280243840716E-032
 -6.929280243840729E-032 -6.929280243840741E-032 -6.929280243840716E-032
 -6.929280243840741E-032 -6.929280243840793E-032 -6.929280243840793E-032
 -6.929280243840741E-032 -6.929280243840741E-032 -6.929280243840741E-032
 -6.929280243840741E-032 -6.929280243840741E-032 -6.929280243840741E-032
  0.000000000000000E+000  2.088741095002135E-032  2.088741095002133E-032
  2.088741095002137E-032  2.088741095002141E-032  2.088741095002133E-032
  2.088741095002141E-032  2.088741095002157E-032  2.088741095002157E-032
  2.088741095002141E-032  2.088741095002141E-032  2.088741095002141E-032
  2.088741095002141E-032  2.088741095002141E-032  2.088741095002141E-032
  0.000000000000000E+000  2.382674978979131E-031  2.382674978979128E-031
  2.382674978979132E-031  2.382674978979137E-031  2.382674978979128E-031
  2.382674978979137E-031  2.382674978979154E-031  2.382674978979154E-031
  2.382674978979137E-031  2.382674978979137E-031  2.382674978979137E-031
  2.382674978979137E-031  2.382674978979137E-031  2.382674978979137E-031
  0.000000000000000E+000  8.533880985705551E-031  8.533880985705544E-031
  8.533880985705561E-031  8.533880985705575E-031  8.533880985705542E-031
  8.533880985705575E-031  8.533880985705640E-031  8.533880985705640E-031
  8.533880985705575E-031  8.533880985705575E-031  8.533880985705575E-031
  8.533880985705575E-031  8.533880985705575E-031  8.533880985705575E-031
  0.000000000000000E+000  2.088741095002135E-032  2.088741095002134E-032
  2.088741095002137E-032  2.088741095002141E-032  2.088741095002133E-032
  2.088741095002141E-032  2.088741095002157E-032  2.088741095002157E-032
  2.088741095002141E-032  2.088741095002141E-032  2.088741095002141E-032
  2.088741095002141E-032  2.088741095002141E-032  2.088741095002141E-032
  0.000000000000000E+000  8.533880985705551E-031  8.533880985705544E-031
  8.533880985705561E-031  8.533880985705575E-031  8.533880985705542E-031
  8.533880985705575E-031  8.533880985705640E-031  8.533880985705640E-031
  8.533880985705575E-031  8.533880985705575E-031  8.533880985705575E-031
  8.533880985705575E-031  8.533880985705575E-031  8.533880985705575E-031
  0.000000000000000E+000  4.066627850533488E-031  4.066627850533484E-031
  4.066627850533491E-031  4.066627850533500E-031  4.066627850533484E-031
  4.066627850533500E-031  4.066627850533530E-031  4.066627850533530E-031
  4.066627850533501E-031  4.066627850533501E-031  4.066627850533501E-031
  4.066627850533500E-031  4.066627850533500E-031  4.066627850533500E-031
  0.000000000000000E+000  4.066627850533488E-031  4.066627850533484E-031
  4.066627850533491E-031  4.066627850533500E-031  4.066627850533484E-031
  4.066627850533500E-031  4.066627850533530E-031  4.066627850533530E-031
  4.066627850533501E-031  4.066627850533501E-031  4.066627850533501E-031
  4.066627850533500E-031  4.066627850533500E-031  4.066627850533500E-031
  0.000000000000000E+000 -4.013455026709582E-031 -4.013455026709578E-031
 -4.013455026709585E-031 -4.013455026709593E-031 -4.013455026709578E-031
 -4.013455026709593E-031 -4.013455026709623E-031 -4.013455026709623E-031
 -4.013455026709593E-031 -4.013455026709593E-031 -4.013455026709593E-031
 -4.013455026709593E-031 -4.013455026709593E-031 -4.013455026709593E-031
  0.000000000000000E+000 -4.013455026709582E-031 -4.013455026709578E-031
 -4.013455026709585E-031 -4.013455026709593E-031 -4.013455026709578E-031
 -4.013455026709593E-031 -4.013455026709623E-031 -4.013455026709623E-031
 -4.013455026709593E-031 -4.013455026709593E-031 -4.013455026709593E-031
 -4.013455026709593E-031 -4.013455026709593E-031 -4.013455026709593E-031
  0.000000000000000E+000 -4.013455026709582E-031 -4.013455026709578E-031
 -4.013455026709585E-031 -4.013455026709593E-031 -4.013455026709578E-031
 -4.013455026709593E-031 -4.013455026709623E-031 -4.013455026709623E-031
 -4.013455026709593E-031 -4.013455026709593E-031 -4.013455026709593E-031
 -4.013455026709593E-031 -4.013455026709593E-031 -4.013455026709593E-031
  0.000000000000000E+000  8.533880985705551E-031  8.533880985705544E-031
  8.533880985705561E-031  8.533880985705575E-031  8.533880985705542E-031
  8.533880985705575E-031  8.533880985705640E-031  8.533880985705640E-031
  8.533880985705575E-031  8.533880985705575E-031  8.533880985705575E-031
  8.533880985705575E-031  8.533880985705575E-031  8.533880985705575E-031
  0.000000000000000E+000  8.533880985705551E-031  8.533880985705544E-031
  8.533880985705561E-031  8.533880985705575E-031  8.533880985705542E-031
  8.533880985705575E-031  8.533880985705640E-031  8.533880985705640E-031
  8.533880985705575E-031  8.533880985705575E-031  8.533880985705575E-031
  8.533880985705575E-031  8.533880985705575E-031  8.533880985705575E-031
  0.000000000000000E+000  8.533880985705551E-031  8.533880985705544E-031
  8.533880985705561E-031  8.533880985705575E-031  8.533880985705542E-031
  8.533880985705575E-031  8.533880985705640E-031  8.533880985705640E-031
  8.533880985705575E-031  8.533880985705575E-031  8.533880985705575E-031
  8.533880985705575E-031  8.533880985705575E-031  8.533880985705575E-031
  0.000000000000000E+000 -3.112234954479723E-031 -3.112234954479720E-031
 -3.112234954479726E-031 -3.112234954479732E-031 -3.112234954479720E-031
 -3.112234954479732E-031 -3.112234954479755E-031 -3.112234954479755E-031
 -3.112234954479732E-031 -3.112234954479732E-031 -3.112234954479732E-031
 -3.112234954479732E-031 -3.112234954479732E-031 -3.112234954479732E-031
  0.000000000000000E+000  1.113486846651404E-031  1.113486846651402E-031
  1.113486846651404E-031  1.113486846651406E-031  1.113486846651402E-031
  1.113486846651406E-031  1.113486846651415E-031  1.113486846651415E-031
  1.113486846651406E-031  1.113486846651406E-031  1.113486846651406E-031
  1.113486846651406E-031  1.113486846651406E-031  1.113486846651406E-031
  0.000000000000000E+000  2.015288980535694E-031  2.015288980535692E-031
  2.015288980535696E-031  2.015288980535700E-031  2.015288980535692E-031
  2.015288980535700E-031  2.015288980535715E-031  2.015288980535715E-031
  2.015288980535700E-031  2.015288980535700E-031  2.015288980535700E-031
  2.015288980535700E-031  2.015288980535700E-031  2.015288980535700E-031
  0.000000000000000E+000  4.189089850014631E-031  4.189089850014627E-031
  4.189089850014635E-031  4.189089850014643E-031  4.189089850014627E-031
  4.189089850014643E-031  4.189089850014673E-031  4.189089850014673E-031
  4.189089850014642E-031  4.189089850014642E-031  4.189089850014642E-031
  4.189089850014643E-031  4.189089850014643E-031  4.189089850014643E-031
  0.000000000000000E+000  4.066627850533488E-031  4.066627850533484E-031
  4.066627850533491E-031  4.066627850533500E-031  4.066627850533484E-031
  4.066627850533500E-031  4.066627850533529E-031  4.066627850533529E-031
  4.066627850533500E-031  4.066627850533500E-031  4.066627850533500E-031
  4.066627850533500E-031  4.066627850533500E-031  4.066627850533500E-031
  0.000000000000000E+000  2.015288980535694E-031  2.015288980535692E-031
  2.015288980535696E-031  2.015288980535700E-031  2.015288980535692E-031
  2.015288980535700E-031  2.015288980535715E-031  2.015288980535715E-031
  2.015288980535700E-031  2.015288980535700E-031  2.015288980535700E-031
  2.015288980535700E-031  2.015288980535700E-031  2.015288980535700E-031
  0.000000000000000E+000  4.066627850533488E-031  4.066627850533484E-031
  4.066627850533491E-031  4.066627850533500E-031  4.066627850533484E-031
  4.066627850533500E-031  4.066627850533529E-031  4.066627850533529E-031
  4.066627850533500E-031  4.066627850533500E-031  4.066627850533500E-031
  4.066627850533500E-031  4.066627850533500E-031  4.066627850533500E-031
  0.000000000000000E+000 -4.006252846386429E-032 -4.006252846386426E-032
 -4.006252846386434E-032 -4.006252846386440E-032 -4.006252846386426E-032
 -4.006252846386440E-032 -4.006252846386471E-032 -4.006252846386471E-032
 -4.006252846386441E-032 -4.006252846386441E-032 -4.006252846386441E-032
 -4.006252846386440E-032 -4.006252846386440E-032 -4.006252846386440E-032
  0.000000000000000E+000 -4.006252846386429E-032 -4.006252846386426E-032
 -4.006252846386434E-032 -4.006252846386440E-032 -4.006252846386426E-032
 -4.006252846386440E-032 -4.006252846386471E-032 -4.006252846386471E-032
 -4.006252846386441E-032 -4.006252846386441E-032 -4.006252846386441E-032
 -4.006252846386440E-032 -4.006252846386440E-032 -4.006252846386440E-032
  0.000000000000000E+000 -2.207040155674126E-031 -2.207040155674123E-031
 -2.207040155674128E-031 -2.207040155674132E-031 -2.207040155674123E-031
 -2.207040155674132E-031 -2.207040155674149E-031 -2.207040155674149E-031
 -2.207040155674133E-031 -2.207040155674133E-031 -2.207040155674133E-031
 -2.207040155674132E-031 -2.207040155674132E-031 -2.207040155674132E-031
  0.000000000000000E+000 -2.207040155674126E-031 -2.207040155674123E-031
 -2.207040155674128E-031 -2.207040155674132E-031 -2.207040155674123E-031
 -2.207040155674132E-031 -2.207040155674149E-031 -2.207040155674149E-031
 -2.207040155674133E-031 -2.207040155674133E-031 -2.207040155674133E-031
 -2.207040155674132E-031 -2.207040155674132E-031 -2.207040155674132E-031
  0.000000000000000E+000 -2.207040155674126E-031 -2.207040155674123E-031
 -2.207040155674128E-031 -2.207040155674132E-031 -2.207040155674123E-031
 -2.207040155674132E-031 -2.207040155674149E-031 -2.207040155674149E-031
 -2.207040155674133E-031 -2.207040155674133E-031 -2.207040155674133E-031
 -2.207040155674132E-031 -2.207040155674132E-031 -2.207040155674132E-031
  0.000000000000000E+000  4.066627850533488E-031  4.066627850533484E-031
  4.066627850533491E-031  4.066627850533500E-031  4.066627850533484E-031
  4.066627850533500E-031  4.066627850533529E-031  4.066627850533529E-031
  4.066627850533500E-031  4.066627850533500E-031  4.066627850533500E-031
  4.066627850533500E-031  4.066627850533500E-031  4.066627850533500E-031
  0.000000000000000E+000  4.066627850533488E-031  4.066627850533484E-031
  4.066627850533491E-031  4.066627850533500E-031  4.066627850533484E-031
  4.066627850533500E-031  4.066627850533529E-031  4.066627850533529E-031
  4.066627850533500E-031  4.066627850533500E-031  4.066627850533500E-031
  4.066627850533500E-031  4.066627850533500E-031  4.066627850533500E-031
  0.000000000000000E+000  4.066627850533488E-031  4.066627850533484E-031
  4.066627850533491E-031  4.066627850533500E-031  4.066627850533484E-031
  4.066627850533500E-031  4.066627850533529E-031  4.066627850533529E-031
  4.066627850533500E-031  4.066627850533500E-031  4.066627850533500E-031
  4.066627850533500E-031  4.066627850533500E-031  4.066627850533500E-031
  0.000000000000000E+000 -3.112234954479723E-031 -3.112234954479720E-031
 -3.112234954479726E-031 -3.112234954479732E-031 -3.112234954479720E-031
 -3.112234954479732E-031 -3.112234954479755E-031 -3.112234954479755E-031
 -3.112234954479732E-031 -3.112234954479732E-031 -3.112234954479732E-031
 -3.112234954479732E-031 -3.112234954479732E-031 -3.112234954479732E-031
  0.000000000000000E+000  1.113486846651404E-031  1.113486846651402E-031
  1.113486846651404E-031  1.113486846651406E-031  1.113486846651402E-031
  1.113486846651406E-031  1.113486846651415E-031  1.113486846651415E-031
  1.113486846651406E-031  1.113486846651406E-031  1.113486846651406E-031
  1.113486846651406E-031  1.113486846651406E-031  1.113486846651406E-031
  0.000000000000000E+000  2.015288980535694E-031  2.015288980535692E-031
  2.015288980535696E-031  2.015288980535700E-031  2.015288980535692E-031
  2.015288980535700E-031  2.015288980535715E-031  2.015288980535715E-031
  2.015288980535700E-031  2.015288980535700E-031  2.015288980535700E-031
  2.015288980535700E-031  2.015288980535700E-031  2.015288980535700E-031
  0.000000000000000E+000  4.189089850014631E-031  4.189089850014627E-031
  4.189089850014635E-031  4.189089850014643E-031  4.189089850014627E-031
  4.189089850014643E-031  4.189089850014673E-031  4.189089850014673E-031
  4.189089850014642E-031  4.189089850014642E-031  4.189089850014642E-031
  4.189089850014643E-031  4.189089850014643E-031  4.189089850014643E-031
  0.000000000000000E+000  4.066627850533488E-031  4.066627850533484E-031
  4.066627850533491E-031  4.066627850533500E-031  4.066627850533484E-031
  4.066627850533500E-031  4.066627850533529E-031  4.066627850533529E-031
  4.066627850533500E-031  4.066627850533500E-031  4.066627850533500E-031
  4.066627850533500E-031  4.066627850533500E-031  4.066627850533500E-031
  0.000000000000000E+000  2.015288980535694E-031  2.015288980535692E-031
  2.015288980535696E-031  2.015288980535700E-031  2.015288980535692E-031
  2.015288980535700E-031  2.015288980535715E-031  2.015288980535715E-031
  2.015288980535700E-031  2.015288980535700E-031  2.015288980535700E-031
  2.015288980535700E-031  2.015288980535700E-031  2.015288980535700E-031
  0.000000000000000E+000  4.066627850533488E-031  4.066627850533484E-031
  4.066627850533491E-031  4.066627850533500E-031  4.066627850533484E-031
  4.066627850533500E-031  4.066627850533529E-031  4.066627850533529E-031
  4.066627850533500E-031  4.066627850533500E-031  4.066627850533500E-031
  4.066627850533500E-031  4.066627850533500E-031  4.066627850533500E-031
  0.000000000000000E+000 -4.006252846386429E-032 -4.006252846386426E-032
 -4.006252846386434E-032 -4.006252846386440E-032 -4.006252846386426E-032
 -4.006252846386440E-032 -4.006252846386471E-032 -4.006252846386471E-032
 -4.006252846386441E-032 -4.006252846386441E-032 -4.006252846386441E-032
 -4.006252846386440E-032 -4.006252846386440E-032 -4.006252846386440E-032
  0.000000000000000E+000 -4.006252846386429E-032 -4.006252846386426E-032
 -4.006252846386434E-032 -4.006252846386440E-032 -4.006252846386426E-032
 -4.006252846386440E-032 -4.006252846386471E-032 -4.006252846386471E-032
 -4.006252846386441E-032 -4.006252846386441E-032 -4.006252846386441E-032
 -4.006252846386440E-032 -4.006252846386440E-032 -4.006252846386440E-032
  0.000000000000000E+000 -2.207040155674126E-031 -2.207040155674123E-031
 -2.207040155674128E-031 -2.207040155674132E-031 -2.207040155674123E-031
 -2.207040155674132E-031 -2.207040155674149E-031 -2.207040155674149E-031
 -2.207040155674133E-031 -2.207040155674133E-031 -2.207040155674133E-031
 -2.207040155674132E-031 -2.207040155674132E-031 -2.207040155674132E-031
  0.000000000000000E+000 -2.207040155674126E-031 -2.207040155674123E-031
 -2.207040155674128E-031 -2.207040155674132E-031 -2.207040155674123E-031
 -2.207040155674132E-031 -2.207040155674149E-031 -2.207040155674149E-031
 -2.207040155674133E-031 -2.207040155674133E-031 -2.207040155674133E-031
 -2.207040155674132E-031 -2.207040155674132E-031 -2.207040155674132E-031
  0.000000000000000E+000 -2.207040155674126E-031 -2.207040155674123E-031
 -2.207040155674128E-031 -2.207040155674132E-031 -2.207040155674123E-031
 -2.207040155674132E-031 -2.207040155674149E-031 -2.207040155674149E-031
 -2.207040155674133E-031 -2.207040155674133E-031 -2.207040155674133E-031
 -2.207040155674132E-031 -2.207040155674132E-031 -2.207040155674132E-031
  0.000000000000000E+000  4.066627850533488E-031  4.066627850533484E-031
  4.066627850533491E-031  4.066627850533500E-031  4.066627850533484E-031
  4.066627850533500E-031  4.066627850533529E-031  4.066627850533529E-031
  4.066627850533500E-031  4.066627850533500E-031  4.066627850533500E-031
  4.066627850533500E-031  4.066627850533500E-031  4.066627850533500E-031
  0.000000000000000E+000  4.066627850533488E-031  4.066627850533484E-031
  4.066627850533491E-031  4.066627850533500E-031  4.066627850533484E-031
  4.066627850533500E-031  4.066627850533529E-031  4.066627850533529E-031
  4.066627850533500E-031  4.066627850533500E-031  4.066627850533500E-031
  4.066627850533500E-031  4.066627850533500E-031  4.066627850533500E-031
  0.000000000000000E+000  4.066627850533488E-031  4.066627850533484E-031
  4.066627850533491E-031  4.066627850533500E-031  4.066627850533484E-031
  4.066627850533500E-031  4.066627850533529E-031  4.066627850533529E-031
  4.066627850533500E-031  4.066627850533500E-031  4.066627850533500E-031
  4.066627850533500E-031  4.066627850533500E-031  4.066627850533500E-031
  0.000000000000000E+000  6.524032871698783E-031  6.524032871698776E-031
  6.524032871698789E-031  6.524032871698800E-031  6.524032871698776E-031
  6.524032871698800E-031  6.524032871698851E-031  6.524032871698851E-031
  6.524032871698800E-031  6.524032871698800E-031  6.524032871698800E-031
  6.524032871698800E-031  6.524032871698800E-031  6.524032871698800E-031
  0.000000000000000E+000 -6.929280243840724E-032 -6.929280243840716E-032
 -6.929280243840729E-032 -6.929280243840741E-032 -6.929280243840716E-032
 -6.929280243840741E-032 -6.929280243840793E-032 -6.929280243840793E-032
 -6.929280243840741E-032 -6.929280243840741E-032 -6.929280243840741E-032
 -6.929280243840741E-032 -6.929280243840741E-032 -6.929280243840741E-032
  0.000000000000000E+000  2.088741095002135E-032  2.088741095002133E-032
  2.088741095002137E-032  2.088741095002141E-032  2.088741095002133E-032
  2.088741095002141E-032  2.088741095002157E-032  2.088741095002157E-032
  2.088741095002141E-032  2.088741095002141E-032  2.088741095002141E-032
  2.088741095002141E-032  2.088741095002141E-032  2.088741095002141E-032
  0.000000000000000E+000  2.382674978979131E-031  2.382674978979128E-031
  2.382674978979132E-031  2.382674978979137E-031  2.382674978979128E-031
  2.382674978979137E-031  2.382674978979154E-031  2.382674978979154E-031
  2.382674978979137E-031  2.382674978979137E-031  2.382674978979137E-031
  2.382674978979137E-031  2.382674978979137E-031  2.382674978979137E-031
  0.000000000000000E+000  8.533880985705551E-031  8.533880985705544E-031
  8.533880985705561E-031  8.533880985705575E-031  8.533880985705542E-031
  8.533880985705575E-031  8.533880985705640E-031  8.533880985705640E-031
  8.533880985705575E-031  8.533880985705575E-031  8.533880985705575E-031
  8.533880985705575E-031  8.533880985705575E-031  8.533880985705575E-031
  0.000000000000000E+000  2.088741095002135E-032  2.088741095002134E-032
  2.088741095002137E-032  2.088741095002141E-032  2.088741095002133E-032
  2.088741095002141E-032  2.088741095002157E-032  2.088741095002157E-032
  2.088741095002141E-032  2.088741095002141E-032  2.088741095002141E-032
  2.088741095002141E-032  2.088741095002141E-032  2.088741095002141E-032
  0.000000000000000E+000  8.533880985705551E-031  8.533880985705544E-031
  8.533880985705561E-031  8.533880985705575E-031  8.533880985705542E-031
  8.533880985705575E-031  8.533880985705640E-031  8.533880985705640E-031
  8.533880985705575E-031  8.533880985705575E-031  8.533880985705575E-031
  8.533880985705575E-031  8.533880985705575E-031  8.533880985705575E-031
  0.000000000000000E+000  4.066627850533488E-031  4.066627850533484E-031
  4.066627850533491E-031  4.066627850533500E-031  4.066627850533484E-031
  4.066627850533500E-031  4.066627850533530E-031  4.066627850533530E-031
  4.066627850533501E-031  4.066627850533501E-031  4.066627850533501E-031
  4.066627850533500E-031  4.066627850533500E-031  4.066627850533500E-031
  0.000000000000000E+000  4.066627850533488E-031  4.066627850533484E-031
  4.066627850533491E-031  4.066627850533500E-031  4.066627850533484E-031
  4.066627850533500E-031  4.066627850533530E-031  4.066627850533530E-031
  4.066627850533501E-031  4.066627850533501E-031  4.066627850533501E-031
  4.066627850533500E-031  4.066627850533500E-031  4.066627850533500E-031
  0.000000000000000E+000 -4.013455026709582E-031 -4.013455026709578E-031
 -4.013455026709585E-031 -4.013455026709593E-031 -4.013455026709578E-031
 -4.013455026709593E-031 -4.013455026709623E-031 -4.013455026709623E-031
 -4.013455026709593E-031 -4.013455026709593E-031 -4.013455026709593E-031
 -4.013455026709593E-031 -4.013455026709593E-031 -4.013455026709593E-031
  0.000000000000000E+000 -4.013455026709582E-031 -4.013455026709578E-031
 -4.013455026709585E-031 -4.013455026709593E-031 -4.013455026709578E-031
 -4.013455026709593E-031 -4.013455026709623E-031 -4.013455026709623E-031
 -4.013455026709593E-031 -4.013455026709593E-031 -4.013455026709593E-031
 -4.013455026709593E-031 -4.013455026709593E-031 -4.013455026709593E-031
  0.000000000000000E+000 -4.013455026709582E-031 -4.013455026709578E-031
 -4.013455026709585E-031 -4.013455026709593E-031 -4.013455026709578E-031
 -4.013455026709593E-031 -4.013455026709623E-031 -4.013455026709623E-031
 -4.013455026709593E-031 -4.013455026709593E-031 -4.013455026709593E-031
 -4.013455026709593E-031 -4.013455026709593E-031 -4.013455026709593E-031
  0.000000000000000E+000  8.533880985705551E-031  8.533880985705544E-031
  8.533880985705561E-031  8.533880985705575E-031  8.533880985705542E-031
  8.533880985705575E-031  8.533880985705640E-031  8.533880985705640E-031
  8.533880985705575E-031  8.533880985705575E-031  8.533880985705575E-031
  8.533880985705575E-031  8.533880985705575E-031  8.533880985705575E-031
  0.000000000000000E+000  8.533880985705551E-031  8.533880985705544E-031
  8.533880985705561E-031  8.533880985705575E-031  8.533880985705542E-031
  8.533880985705575E-031  8.533880985705640E-031  8.533880985705640E-031
  8.533880985705575E-031  8.533880985705575E-031  8.533880985705575E-031
  8.533880985705575E-031  8.533880985705575E-031  8.533880985705575E-031
  0.000000000000000E+000  8.533880985705551E-031  8.533880985705544E-031
  8.533880985705561E-031  8.533880985705575E-031  8.533880985705542E-031
  8.533880985705575E-031  8.533880985705640E-031  8.533880985705640E-031
  8.533880985705575E-031  8.533880985705575E-031  8.533880985705575E-031
  8.533880985705575E-031  8.533880985705575E-031  8.533880985705575E-031
